   0.0000000e+00   6.3299057e-01   4.1694829e-01   6.0887521e-01   4.5608565e-01   6.3364023e-01   5.7163636e-01   5.0782355e-01   6.7881134e-01   8.1214617e-01   3.5066937e-01   4.1152580e-01   2.9471920e-01   2.9985731e-01   5.7699766e-01   4.2415069e-01   7.2034900e-01   3.5812172e-01   4.5659091e-01   4.1105445e-01   4.4186818e-01   5.9080465e-01   5.9761123e-01   6.2395092e-01   6.3056175e-01   5.9250184e-01   5.4772338e-01   5.9418314e-01   8.9910482e-01   6.7393921e-01   5.9101243e-01   6.5881154e-01   4.2945326e-01   5.5087114e-01   7.0133026e-01   5.0510896e-01   6.5953703e-01   6.1690591e-01   6.0427883e-01   5.7832859e-01   6.6158299e-01   5.3731345e-01   5.7023818e-01   3.3814394e-01   6.0936769e-01   8.4058061e-01   5.2116428e-01   4.1562727e-01   5.4083635e-01   4.5247543e-01   5.4488748e-01   4.7044774e-01   4.4212533e-01   6.6189100e-01   7.5556303e-01   3.9197230e-01   3.9630082e-01   2.9300358e-01   2.9421820e-01   5.3397818e-01   4.4258065e-01   7.2370807e-01   3.3756636e-01   4.6261923e-01   3.7329361e-01   4.3231673e-01   5.8732032e-01   5.6331937e-01   6.1968882e-01   6.2786119e-01   6.0533411e-01   5.9143574e-01   5.7457334e-01   8.5499533e-01   6.6332218e-01   5.8373878e-01   5.8367095e-01   2.8551543e-01   5.8976649e-01   7.3756372e-01   4.8012126e-01   6.3935277e-01   6.0238868e-01   6.0655471e-01   5.3080559e-01   6.0600036e-01   4.0989062e-01   5.2671177e-01   2.3190546e-01   5.0281391e-01
   6.3299057e-01   0.0000000e+00   5.9096248e-01   8.3510112e-01   5.8633838e-01   5.8076441e-01   5.9087551e-01   5.7246584e-01   3.9565884e-01   6.6793727e-01   3.9387577e-01   7.9461446e-01   5.5812056e-01   4.4986800e-01   4.2291000e-01   6.8758830e-01   7.2708512e-01   6.1200879e-01   4.9196695e-01   4.6454072e-01   4.1275242e-01   5.4330186e-01   5.6261050e-01   5.6330145e-01   4.8419862e-01   5.1569309e-01   4.5186836e-01   5.1437351e-01   5.8476950e-01   5.5762417e-01   5.9222410e-01   5.0241216e-01   6.9976881e-01   6.8187024e-01   6.0305184e-01   5.8424119e-01   5.0882385e-01   4.9687449e-01   6.3193406e-01   3.8053255e-01   5.4752798e-01   5.1530547e-01   7.1196248e-01   4.8654202e-01   6.6070386e-01   5.8592389e-01   7.2213637e-01   4.9937373e-01   6.7358387e-01   4.8960568e-01   3.6264828e-01   3.7674319e-01   4.4700073e-01   3.9174026e-01   6.3824601e-01   4.3254214e-01   6.5296379e-01   4.8546712e-01   4.0815381e-01   3.9838590e-01   6.2436047e-01   6.8559674e-01   5.5433770e-01   4.8735426e-01   4.2858432e-01   4.0494232e-01   5.5665100e-01   5.3034605e-01   5.2898131e-01   4.8102393e-01   5.3688353e-01   4.6709416e-01   5.0465850e-01   5.5890617e-01   5.1860617e-01   4.9866995e-01   4.2534642e-01   5.2105430e-01   6.7056708e-01   5.9486739e-01   5.3013845e-01   5.0549365e-01   4.7615107e-01   6.0133940e-01   3.6495495e-01   4.4220189e-01   4.2800875e-01   5.9384743e-01   3.3431221e-01   5.2804166e-01
   4.1694829e-01   5.9096248e-01   0.0000000e+00   5.5964557e-01   7.1845792e-01   4.2049749e-01   4.8304557e-01   6.0964323e-01   3.3504290e-01   3.8169686e-01   6.1561889e-01   5.3503126e-01   6.4250455e-01   7.2839723e-01   3.5518133e-01   5.1785738e-01   5.1411129e-01   5.4494267e-01   4.5818878e-01   4.6071484e-01   4.0807385e-01   4.5458647e-01   4.7694248e-01   4.4163560e-01   3.7876696e-01   4.1572327e-01   3.6560395e-01   4.3980953e-01   4.0579347e-01   3.9634891e-01   4.6030225e-01   3.2386428e-01   5.7443657e-01   5.4460375e-01   4.2645534e-01   5.5581331e-01   3.8522191e-01   3.9587940e-01   4.7518699e-01   3.5883395e-01   4.6486882e-01   4.8837349e-01   5.8946237e-01   4.3335036e-01   5.6869337e-01   3.8987156e-01   4.5602579e-01   7.7971235e-01   4.5904552e-01   5.8210487e-01   3.0212738e-01   3.4341119e-01   4.8738160e-01   3.5281180e-01   3.6727303e-01   5.9168655e-01   4.5425708e-01   5.7620445e-01   6.6818905e-01   3.4313472e-01   4.8283056e-01   4.8322392e-01   5.0954971e-01   4.6328689e-01   4.3699342e-01   3.7208162e-01   4.7119046e-01   4.7064420e-01   4.2665395e-01   3.9295232e-01   4.4839751e-01   3.7244200e-01   4.4840215e-01   3.9944417e-01   4.0447260e-01   4.2759584e-01   2.9588683e-01   4.6714414e-01   5.3834126e-01   4.0723024e-01   4.9169450e-01   3.7973094e-01   3.7958910e-01   4.5724538e-01   3.6191443e-01   4.0212217e-01   4.3367394e-01   5.2151284e-01   3.3238590e-01   5.0179838e-01
   6.0887521e-01   8.3510112e-01   5.5964557e-01   0.0000000e+00   7.3614040e-01   7.4096455e-01   7.6101790e-01   6.0758071e-01   4.7504012e-01   6.0168604e-01   3.3308274e-01   5.4602249e-01   3.6885136e-01   2.6989844e-01   5.3389774e-01   5.8632754e-01   7.5219077e-01   4.6848131e-01   4.2129154e-01   3.7687584e-01   3.8053310e-01   4.9634672e-01   5.6360601e-01   5.1503917e-01   4.8868458e-01   5.2003080e-01   4.0906774e-01   4.6109528e-01   5.6063931e-01   6.2507216e-01   7.8171542e-01   6.6950691e-01   7.3550272e-01   6.5580334e-01   5.2836836e-01   5.4144883e-01   5.5889453e-01   5.3898346e-01   6.0623401e-01   3.8826871e-01   5.6512946e-01   5.0868722e-01   6.3746885e-01   3.0330053e-01   6.3128815e-01   5.5867557e-01   5.4690739e-01   4.5624980e-01   7.0364113e-01   5.6690951e-01   4.6120662e-01   4.7358543e-01   3.9989307e-01   4.5600146e-01   5.5257773e-01   3.7303421e-01   4.0649797e-01   2.8000185e-01   2.1722274e-01   4.8611411e-01   4.9458186e-01   6.6462793e-01   3.7909464e-01   3.8859130e-01   3.4307256e-01   3.6260219e-01   4.9767073e-01   4.9834603e-01   4.8629476e-01   4.9961883e-01   5.2309921e-01   4.7343168e-01   4.6947555e-01   5.2584831e-01   5.6714576e-01   6.1277949e-01   5.4069052e-01   4.0866447e-01   6.1418291e-01   4.8693998e-01   4.8206485e-01   5.3469601e-01   4.9961650e-01   5.5389838e-01   3.7214110e-01   4.6958005e-01   3.5296586e-01   4.7008931e-01   1.8871497e-01   4.7565773e-01
   4.5608565e-01   5.8633838e-01   7.1845792e-01   7.3614040e-01   0.0000000e+00   6.4250680e-01   6.9258725e-01   7.1665917e-01   4.4030239e-01   4.3513775e-01   3.7940026e-01   4.0751677e-01   3.5740568e-01   3.5379698e-01   5.1907499e-01   4.4767134e-01   5.7110583e-01   3.5504978e-01   3.7584097e-01   3.0282797e-01   3.5886136e-01   3.8729065e-01   4.3274802e-01   3.9216008e-01   3.7019946e-01   4.0264525e-01   3.2642430e-01   3.5213611e-01   4.4263906e-01   4.8854323e-01   6.9297738e-01   5.4593796e-01   6.2188580e-01   4.8031705e-01   4.1921287e-01   4.8762413e-01   4.7481574e-01   4.6103619e-01   4.7110536e-01   3.9440076e-01   5.1470978e-01   4.9511467e-01   5.5380018e-01   2.3561855e-01   5.5870503e-01   4.2010281e-01   3.5471482e-01   5.5986450e-01   5.0126191e-01   6.8196378e-01   4.3649037e-01   4.7087230e-01   5.0590035e-01   4.4506322e-01   4.0428670e-01   3.7556748e-01   2.9386601e-01   2.6903478e-01   3.0793917e-01   4.7294878e-01   3.6401333e-01   4.9997233e-01   2.8221116e-01   3.5409862e-01   2.8448076e-01   3.0822761e-01   3.8921105e-01   3.9324040e-01   3.7061838e-01   3.9534919e-01   4.2001528e-01   3.8726067e-01   3.7981019e-01   4.2577326e-01   4.5901847e-01   5.6020329e-01   4.6708982e-01   3.6214942e-01   4.4793137e-01   3.9206381e-01   4.3032631e-01   4.4180832e-01   4.1848230e-01   4.3451185e-01   3.8832485e-01   4.6760364e-01   3.6577087e-01   4.3621961e-01   1.5164629e-01   4.5443285e-01
   6.3364023e-01   5.8076441e-01   4.2049749e-01   7.4096455e-01   6.4250680e-01   0.0000000e+00   8.8461323e-01   7.2193511e-01   6.2694528e-01   5.8490570e-01   2.8111917e-01   3.6163436e-01   1.7232636e-01   1.6914469e-01   6.8386556e-01   4.3895854e-01   6.7635057e-01   2.4224252e-01   3.6552957e-01   3.0536901e-01   4.0325314e-01   4.5588565e-01   5.0684358e-01   4.6734137e-01   4.9802588e-01   5.1330154e-01   3.8133957e-01   4.3487439e-01   5.6685802e-01   5.8205820e-01   7.3667160e-01   7.7365401e-01   5.6189624e-01   4.8492823e-01   4.3789467e-01   4.1738957e-01   6.1267000e-01   5.9871553e-01   5.2953108e-01   4.8422958e-01   6.3532931e-01   5.7020960e-01   6.0298838e-01   2.4165808e-01   5.7452140e-01   5.8170987e-01   3.3121274e-01   3.5121551e-01   5.1193229e-01   5.1320844e-01   6.7924778e-01   5.8971753e-01   4.9940984e-01   6.0095795e-01   5.1986954e-01   2.9075606e-01   2.5824350e-01   1.0055005e-01   1.3845021e-01   6.2382555e-01   3.6692980e-01   6.1816306e-01   1.6293636e-01   3.3503004e-01   2.7599484e-01   3.6435671e-01   4.2783296e-01   4.3707435e-01   4.5320018e-01   5.1112890e-01   5.0055646e-01   4.7085975e-01   4.4969757e-01   5.3968605e-01   5.5436538e-01   6.1896963e-01   6.6077752e-01   2.5049930e-01   4.6297760e-01   4.1347464e-01   3.7545461e-01   5.6273622e-01   5.3992475e-01   4.8526462e-01   4.6938197e-01   5.8046173e-01   3.9844049e-01   4.5294472e-01   1.4170579e-01   4.2460490e-01
   5.7163636e-01   5.9087551e-01   4.8304557e-01   7.6101790e-01   6.9258725e-01   8.8461323e-01   0.0000000e+00   7.5195778e-01   5.2680134e-01   5.0774576e-01   2.7925103e-01   4.1857077e-01   2.4179500e-01   2.3772420e-01   5.9642538e-01   4.5137074e-01   6.3605211e-01   3.1271060e-01   3.9329086e-01   3.2978440e-01   4.0151432e-01   4.4682371e-01   4.8391449e-01   4.4385976e-01   4.5522961e-01   4.9367971e-01   3.5044232e-01   4.1856317e-01   5.0997503e-01   5.5447188e-01   7.3489903e-01   6.9606393e-01   6.2800784e-01   4.9712961e-01   4.2288417e-01   4.3815243e-01   5.6042137e-01   5.6621692e-01   5.2022676e-01   4.2977255e-01   5.8926624e-01   5.1901438e-01   6.2269915e-01   2.4050830e-01   5.8810245e-01   5.3117953e-01   3.6542415e-01   3.9964362e-01   5.2885077e-01   5.6934991e-01   6.3915923e-01   6.5517595e-01   5.3993383e-01   5.2066846e-01   4.6057722e-01   2.9865273e-01   3.2123927e-01   1.7094519e-01   2.0818582e-01   5.5001859e-01   3.7519912e-01   5.7723410e-01   2.4522940e-01   3.6888395e-01   3.1260455e-01   3.7710938e-01   4.2628895e-01   4.2186356e-01   4.3155197e-01   4.8277224e-01   5.0526176e-01   4.4752946e-01   4.5026503e-01   4.9468087e-01   5.5357160e-01   6.4631419e-01   6.0724317e-01   3.4046331e-01   4.7688828e-01   3.9077461e-01   3.9558383e-01   5.2706973e-01   5.0996962e-01   4.8547856e-01   4.2404066e-01   5.1816828e-01   3.8364464e-01   4.8163567e-01   1.5232152e-01   4.6715066e-01
   5.0782355e-01   5.7246584e-01   6.0964323e-01   6.0758071e-01   7.1665917e-01   7.2193511e-01   7.5195778e-01   0.0000000e+00   5.3062251e-01   5.3106204e-01   4.7881198e-01   5.0524678e-01   3.9628215e-01   4.5538128e-01   6.9832808e-01   5.7748312e-01   6.1901633e-01   3.0579509e-01   4.8530616e-01   4.4521863e-01   5.3194588e-01   4.4835694e-01   4.4323471e-01   4.5568433e-01   4.0058086e-01   4.2057507e-01   3.8441689e-01   4.5665388e-01   4.6773037e-01   4.4480897e-01   5.4589169e-01   5.7771353e-01   4.7102872e-01   4.1795735e-01   4.0400454e-01   4.7746458e-01   5.7267346e-01   5.5656226e-01   5.1191454e-01   4.9497270e-01   6.4166068e-01   7.4845074e-01   6.7623389e-01   4.2007948e-01   6.0454182e-01   4.7283477e-01   3.7713307e-01   5.2972949e-01   4.5717182e-01   5.8164300e-01   5.2775926e-01   5.3417644e-01   7.4148013e-01   5.3845466e-01   4.7866410e-01   4.6608610e-01   4.1482922e-01   3.2736104e-01   4.2142450e-01   6.6242434e-01   5.2407544e-01   5.7523825e-01   2.5507294e-01   4.6497130e-01   4.1970395e-01   4.7898989e-01   4.3754758e-01   4.1401123e-01   4.4964096e-01   4.2314751e-01   4.5018150e-01   4.3138917e-01   4.7627821e-01   4.6779852e-01   4.3092012e-01   4.8434858e-01   5.4553949e-01   3.1383364e-01   4.1092484e-01   4.1899325e-01   4.3879806e-01   5.4799168e-01   5.2126999e-01   4.8745400e-01   4.9926903e-01   6.0587773e-01   6.3546195e-01   5.7098344e-01   3.1315048e-01   4.9631483e-01
   6.7881134e-01   3.9565884e-01   3.3504290e-01   4.7504012e-01   4.4030239e-01   6.2694528e-01   5.2680134e-01   5.3062251e-01   0.0000000e+00   6.3168776e-01   3.1154099e-01   2.2167942e-01   2.2780601e-01   1.8736021e-01   8.3299388e-01   4.1766805e-01   6.4319875e-01   1.8934355e-01   4.3845317e-01   3.4506488e-01   4.9086926e-01   4.9426717e-01   5.0540027e-01   4.9769577e-01   4.8329771e-01   4.5364631e-01   4.2992691e-01   4.6451882e-01   7.0344623e-01   5.1178095e-01   4.4822452e-01   7.2298196e-01   2.7369306e-01   4.0871384e-01   4.7433936e-01   4.1371546e-01   6.9024547e-01   5.8276080e-01   5.1729894e-01   8.4425279e-01   8.1689230e-01   6.2827334e-01   5.1759594e-01   2.6608411e-01   4.7882289e-01   5.7369484e-01   2.5947293e-01   3.1414498e-01   3.4971824e-01   3.9265351e-01   5.1281717e-01   4.1552265e-01   4.2647693e-01   8.9023314e-01   5.3720874e-01   3.3042615e-01   1.8505401e-01   1.9369988e-01   1.7972424e-01   7.6661995e-01   4.0140466e-01   6.1913981e-01   1.3886053e-01   4.0326140e-01   3.2488757e-01   4.4009807e-01   4.6219647e-01   4.7639403e-01   4.8570320e-01   4.9061430e-01   4.6674442e-01   4.6978814e-01   4.7100875e-01   6.8801029e-01   4.4099591e-01   3.9973042e-01   6.5748717e-01   1.2298907e-01   4.0070893e-01   5.0718070e-01   3.8425785e-01   6.4565926e-01   5.4088590e-01   4.8159991e-01   7.7413354e-01   8.0561471e-01   4.5125285e-01   4.5272093e-01   1.7437126e-01   3.6025082e-01
   8.1214617e-01   6.6793727e-01   3.8169686e-01   6.0168604e-01   4.3513775e-01   5.8490570e-01   5.0774576e-01   5.3106204e-01   6.3168776e-01   0.0000000e+00   3.5229622e-01   4.8239594e-01   2.8130766e-01   2.5042044e-01   5.9638165e-01   4.9144576e-01   7.6017484e-01   3.6422211e-01   4.3683720e-01   3.8303679e-01   4.2169297e-01   5.3073944e-01   5.5127178e-01   5.7144424e-01   5.3175177e-01   4.8218659e-01   4.8966486e-01   5.2315480e-01   7.6438559e-01   6.1583302e-01   5.0956357e-01   6.2861939e-01   3.7034586e-01   5.8508205e-01   7.6600150e-01   5.4307369e-01   6.4797257e-01   5.8694895e-01   6.1956829e-01   5.1845935e-01   6.3975035e-01   5.9361267e-01   5.6299283e-01   3.7788757e-01   5.7013480e-01   7.2740950e-01   5.2697739e-01   3.8561938e-01   5.4392387e-01   4.1796901e-01   4.8022581e-01   4.2189849e-01   4.4928696e-01   6.2020674e-01   8.8748636e-01   3.8578272e-01   4.3342008e-01   2.7184901e-01   2.4980579e-01   5.6101422e-01   4.9891505e-01   7.5710174e-01   3.3245244e-01   4.5004193e-01   3.5200462e-01   4.2192300e-01   5.4345349e-01   5.2441638e-01   5.5905576e-01   5.4545107e-01   5.1505109e-01   5.2899697e-01   5.1512575e-01   7.3226844e-01   5.7444525e-01   4.8632608e-01   5.7968432e-01   2.5269828e-01   5.9671652e-01   7.8647070e-01   5.1561232e-01   6.3232626e-01   5.8170050e-01   6.1224988e-01   4.8601992e-01   6.0603627e-01   4.6112582e-01   5.1377806e-01   2.4517042e-01   4.6931234e-01
   3.5066937e-01   3.9387577e-01   6.1561889e-01   3.3308274e-01   3.7940026e-01   2.8111917e-01   2.7925103e-01   4.7881198e-01   3.1154099e-01   3.5229622e-01   0.0000000e+00   3.9627478e-01   5.4931388e-01   6.7208769e-01   3.3782222e-01   4.9117699e-01   4.4106778e-01   4.0236339e-01   4.5489615e-01   4.7156806e-01   4.7047934e-01   3.8491501e-01   3.7969906e-01   3.9490410e-01   3.1769911e-01   3.3189966e-01   3.1455566e-01   3.9156429e-01   3.4898930e-01   3.0165681e-01   2.4734906e-01   2.4392384e-01   3.1782688e-01   4.0971341e-01   3.5426757e-01   5.8251396e-01   3.9130584e-01   3.9100515e-01   4.2501087e-01   3.4038412e-01   4.0950656e-01   4.7237118e-01   4.5059273e-01   4.2846450e-01   4.3833940e-01   3.1854683e-01   3.3835479e-01   5.7353244e-01   3.0832878e-01   3.6027586e-01   2.0186098e-01   2.1855609e-01   4.1189176e-01   3.0839660e-01   3.2028226e-01   8.5361864e-01   3.5286768e-01   5.1948559e-01   6.1937614e-01   3.3586110e-01   5.0252574e-01   4.2363491e-01   3.6901539e-01   4.3004162e-01   4.1618350e-01   3.7299234e-01   3.9357369e-01   3.7489248e-01   3.7683557e-01   3.1872892e-01   3.6522821e-01   3.1047570e-01   3.9318552e-01   3.3456738e-01   2.9006993e-01   2.4675171e-01   2.4550220e-01   2.6356023e-01   4.0647518e-01   3.5360057e-01   5.2953847e-01   3.8659627e-01   3.7486231e-01   4.0882120e-01   3.2927817e-01   3.7405158e-01   4.3827400e-01   4.0730808e-01   3.2992482e-01   3.8689404e-01
   4.1152580e-01   7.9461446e-01   5.3503126e-01   5.4602249e-01   4.0751677e-01   3.6163436e-01   4.1857077e-01   5.0524678e-01   2.2167942e-01   4.8239594e-01   3.9627478e-01   0.0000000e+00   7.2281458e-01   5.8680391e-01   2.4859790e-01   7.4350048e-01   5.5069521e-01   6.6266418e-01   4.4804102e-01   4.2624367e-01   3.5124167e-01   4.6162903e-01   4.4632785e-01   4.4933905e-01   3.5428110e-01   3.7753049e-01   3.6320791e-01   3.8886215e-01   3.6210242e-01   3.0363606e-01   3.2417231e-01   2.2088394e-01   5.7736544e-01   5.4756288e-01   4.6459336e-01   5.2348738e-01   3.6154004e-01   3.8182651e-01   5.1872415e-01   2.7734244e-01   4.0421481e-01   4.2635763e-01   6.4195416e-01   5.7344277e-01   5.0866553e-01   4.0799638e-01   6.6171590e-01   4.7565933e-01   5.0520802e-01   3.7009982e-01   2.3560146e-01   2.7820231e-01   4.6277111e-01   2.3800729e-01   4.8306516e-01   4.2580324e-01   8.6905389e-01   6.7568828e-01   5.7381976e-01   2.4486553e-01   7.0758081e-01   5.4795345e-01   6.5601380e-01   4.6164722e-01   4.0197836e-01   3.3959569e-01   4.8043968e-01   4.5444340e-01   4.2620298e-01   3.4779615e-01   4.2211363e-01   3.2436957e-01   3.9056611e-01   3.7554583e-01   3.0375402e-01   2.9499771e-01   2.1809577e-01   5.9342376e-01   5.3943405e-01   4.5421966e-01   4.8568511e-01   3.8017951e-01   3.7831215e-01   5.0399295e-01   2.7823556e-01   3.0377358e-01   4.1691417e-01   6.1038479e-01   4.2632975e-01   4.7062155e-01
   2.9471920e-01   5.5812056e-01   6.4250455e-01   3.6885136e-01   3.5740568e-01   1.7232636e-01   2.4179500e-01   3.9628215e-01   2.2780601e-01   2.8130766e-01   5.4931388e-01   7.2281458e-01   0.0000000e+00   7.8321232e-01   2.6007128e-01   7.4829916e-01   4.8337253e-01   6.9681656e-01   4.8000399e-01   4.6981411e-01   3.7511617e-01   4.9736053e-01   4.5848434e-01   4.4928158e-01   3.2401825e-01   3.6587435e-01   3.4099446e-01   3.8612577e-01   2.7719189e-01   2.0062251e-01   1.7599855e-01   8.8521375e-02   4.9473038e-01   5.3313925e-01   3.5467880e-01   5.0427789e-01   3.4906119e-01   3.4281367e-01   4.5633101e-01   3.5484692e-01   4.1833160e-01   3.7374131e-01   5.8294103e-01   5.0976431e-01   4.1107736e-01   2.6718185e-01   5.3099528e-01   5.7481264e-01   3.6015440e-01   3.4544459e-01   8.5808926e-02   1.3840932e-01   3.9449433e-01   2.4583936e-01   2.7603831e-01   5.7559586e-01   6.5744908e-01   9.1937172e-01   7.4816949e-01   2.7151219e-01   7.5302442e-01   4.8806553e-01   7.0885400e-01   4.7884908e-01   4.5383665e-01   3.4441756e-01   5.0369586e-01   4.9165670e-01   4.2665856e-01   3.2693861e-01   4.2286775e-01   2.8107922e-01   3.9188987e-01   2.9579590e-01   2.2030369e-01   1.9405224e-01   9.3132800e-02   5.7400539e-01   5.3054241e-01   3.3916163e-01   4.8051766e-01   3.6555530e-01   3.4136625e-01   4.3456490e-01   3.6291942e-01   3.3267287e-01   3.8777275e-01   5.5876118e-01   3.9207863e-01   3.9090200e-01
   2.9985731e-01   4.4986800e-01   7.2839723e-01   2.6989844e-01   3.5379698e-01   1.6914469e-01   2.3772420e-01   4.5538128e-01   1.8736021e-01   2.5042044e-01   6.7208769e-01   5.8680391e-01   7.8321232e-01   0.0000000e+00   1.8983904e-01   5.2640854e-01   3.7714340e-01   5.8358669e-01   4.8829518e-01   5.2378082e-01   4.2318676e-01   4.3119655e-01   3.7543474e-01   4.0006825e-01   2.9711018e-01   3.3664587e-01   3.1325345e-01   4.0739818e-01   2.8140273e-01   2.0536589e-01   1.7105334e-01   7.3878045e-02   4.2676205e-01   4.2740366e-01   3.3318972e-01   4.4022082e-01   2.5829664e-01   2.7556402e-01   3.6637072e-01   2.9781843e-01   3.6741430e-01   4.1238552e-01   5.4651352e-01   5.4247559e-01   4.5791585e-01   2.8182530e-01   4.5928025e-01   6.6722371e-01   3.0821892e-01   3.6656609e-01   1.3887639e-01   1.9147103e-01   4.5571934e-01   2.0648181e-01   2.5211759e-01   6.4194854e-01   5.5651639e-01   7.5616899e-01   9.3026647e-01   2.0211826e-01   5.4308845e-01   3.9234288e-01   5.9437410e-01   4.8782486e-01   4.9789186e-01   3.6867625e-01   4.3711799e-01   4.0279417e-01   3.8784741e-01   2.9304956e-01   3.9498202e-01   2.7765581e-01   4.2222966e-01   2.8768005e-01   2.5219330e-01   2.4236535e-01   1.0091963e-01   5.1130006e-01   4.4555663e-01   3.2604348e-01   4.1480598e-01   2.7380639e-01   2.8046689e-01   3.6604336e-01   2.9923732e-01   2.9789516e-01   4.4818588e-01   5.4887998e-01   4.5456060e-01   4.6164033e-01
   5.7699766e-01   4.2291000e-01   3.5518133e-01   5.3389774e-01   5.1907499e-01   6.8386556e-01   5.9642538e-01   6.9832808e-01   8.3299388e-01   5.9638165e-01   3.3782222e-01   2.4859790e-01   2.6007128e-01   1.8983904e-01   0.0000000e+00   5.3962186e-01   6.8805512e-01   1.7012759e-01   4.7966475e-01   3.9409517e-01   5.4730502e-01   4.9763149e-01   4.8582969e-01   4.9772407e-01   4.4359391e-01   4.2994303e-01   3.9991100e-01   4.6773985e-01   5.6268468e-01   4.6566348e-01   4.6877528e-01   7.0074248e-01   2.9117780e-01   3.9191631e-01   3.9828468e-01   4.2312968e-01   7.4858897e-01   6.2982257e-01   5.4739545e-01   7.7035693e-01   7.9252819e-01   7.2223184e-01   5.4756141e-01   2.7149054e-01   4.6490919e-01   5.0553097e-01   2.5709524e-01   3.1296704e-01   3.8514321e-01   4.3412474e-01   5.1427252e-01   4.4848003e-01   5.4009476e-01   8.0822371e-01   5.1153521e-01   3.5069464e-01   1.9088369e-01   1.9566399e-01   1.6444420e-01   9.0677855e-01   5.0588007e-01   6.4320907e-01   1.0747446e-01   4.3327462e-01   3.6388580e-01   4.9161132e-01   4.5879883e-01   4.5228268e-01   4.8962609e-01   4.6635673e-01   4.5345077e-01   4.4852438e-01   4.7660142e-01   5.6471612e-01   4.0512169e-01   3.9648761e-01   6.5253425e-01   1.2031008e-01   3.7452326e-01   4.2043120e-01   3.9091604e-01   6.9402886e-01   5.8644807e-01   5.0388446e-01   7.5369609e-01   8.0710521e-01   5.4929110e-01   4.6087398e-01   1.5885721e-01   3.5132109e-01
   4.2415069e-01   6.8758830e-01   5.1785738e-01   5.8632754e-01   4.4767134e-01   4.3895854e-01   4.5137074e-01   5.7748312e-01   4.1766805e-01   4.9144576e-01   4.9117699e-01   7.4350048e-01   7.4829916e-01   5.2640854e-01   5.3962186e-01   0.0000000e+00   7.2329294e-01   5.8036007e-01   4.6950007e-01   4.1763660e-01   4.2258270e-01   5.1698241e-01   5.0752117e-01   4.8031266e-01   3.7292938e-01   3.8374882e-01   3.4847957e-01   3.8404518e-01   3.9861294e-01   3.1009431e-01   3.5152684e-01   3.7814328e-01   4.9051045e-01   5.4736912e-01   3.9853794e-01   5.6533435e-01   5.4039258e-01   5.2292278e-01   5.8869610e-01   4.6727319e-01   5.5815777e-01   5.4069779e-01   6.2717013e-01   4.5574121e-01   4.3795095e-01   3.9622883e-01   5.4176775e-01   4.5307657e-01   4.8069100e-01   3.7314325e-01   2.7793586e-01   2.7677995e-01   4.8615677e-01   4.2334969e-01   4.6420099e-01   5.1119841e-01   6.5296134e-01   6.6251550e-01   4.9421288e-01   5.2898415e-01   9.2711390e-01   6.9009982e-01   5.5746023e-01   4.5654313e-01   3.8374269e-01   3.9407896e-01   5.0647571e-01   5.0695538e-01   4.6634340e-01   3.8188218e-01   4.2914294e-01   3.2272548e-01   3.8895501e-01   4.1621651e-01   2.8227419e-01   2.8410890e-01   3.5714667e-01   4.6453132e-01   5.2938819e-01   3.9197151e-01   5.2557946e-01   5.4358491e-01   4.9962259e-01   5.5650888e-01   4.6905124e-01   4.8798196e-01   4.8509851e-01   5.6478597e-01   3.1654522e-01   3.5515894e-01
   7.2034900e-01   7.2708512e-01   5.1411129e-01   7.5219077e-01   5.7110583e-01   6.7635057e-01   6.3605211e-01   6.1901633e-01   6.4319875e-01   7.6017484e-01   4.4106778e-01   5.5069521e-01   4.8337253e-01   3.7714340e-01   6.8805512e-01   7.2329294e-01   0.0000000e+00   5.6595366e-01   5.0252907e-01   4.5810246e-01   4.8691593e-01   6.1870075e-01   6.6768034e-01   6.0814685e-01   5.6637741e-01   5.6529801e-01   4.4779164e-01   5.3874755e-01   6.9566395e-01   6.2812192e-01   6.4788493e-01   7.1364133e-01   5.9364929e-01   7.4383116e-01   6.3674679e-01   5.5995213e-01   7.1614424e-01   6.7072752e-01   6.9662514e-01   5.9046316e-01   7.2819374e-01   6.2936405e-01   6.8857967e-01   3.9438517e-01   6.0457806e-01   6.5949156e-01   5.4268536e-01   4.7208897e-01   6.1774314e-01   4.9652116e-01   5.0615376e-01   4.6614724e-01   4.8104210e-01   6.3479576e-01   6.9560918e-01   4.7431263e-01   4.6584247e-01   4.3145498e-01   3.5310270e-01   6.4540302e-01   6.9283020e-01   9.4861811e-01   5.0325974e-01   4.8592952e-01   4.1028891e-01   4.6991259e-01   6.0331322e-01   6.3318688e-01   5.9000632e-01   5.9917909e-01   5.9129896e-01   5.0716002e-01   5.4988851e-01   6.8270175e-01   6.0453817e-01   5.9077865e-01   6.5025335e-01   4.0459173e-01   7.2646748e-01   6.1859307e-01   5.3371714e-01   6.9475361e-01   6.5118774e-01   6.6575607e-01   5.6393547e-01   6.6357459e-01   4.8245587e-01   5.9228083e-01   2.6467218e-01   4.9415711e-01
   3.5812172e-01   6.1200879e-01   5.4494267e-01   4.6848131e-01   3.5504978e-01   2.4224252e-01   3.1271060e-01   3.0579509e-01   1.8934355e-01   3.6422211e-01   4.0236339e-01   6.6266418e-01   6.9681656e-01   5.8358669e-01   1.7012759e-01   5.8036007e-01   5.6595366e-01   0.0000000e+00   4.8571283e-01   4.5197325e-01   3.2242925e-01   5.1734778e-01   5.6445419e-01   4.8682068e-01   3.8866478e-01   4.2048764e-01   3.5268091e-01   4.1634295e-01   3.4788793e-01   3.3882864e-01   3.2652952e-01   1.7009977e-01   6.2577754e-01   7.4550247e-01   4.7526159e-01   5.0819187e-01   3.2933152e-01   3.4664467e-01   5.6483265e-01   2.5722966e-01   3.8574655e-01   2.9303854e-01   6.0649289e-01   4.7032378e-01   5.0479096e-01   3.6136098e-01   5.7386263e-01   5.1620223e-01   4.6766929e-01   3.6446773e-01   1.7071045e-01   2.2250995e-01   3.0588687e-01   2.0886978e-01   3.6596534e-01   4.4078912e-01   6.0998979e-01   6.7988676e-01   5.7412575e-01   1.5584895e-01   5.8100484e-01   5.6548027e-01   9.1931471e-01   4.7846919e-01   4.3516649e-01   3.1597393e-01   5.4107641e-01   5.7709931e-01   4.5001975e-01   4.0802788e-01   4.7622107e-01   3.3429755e-01   4.3400989e-01   3.5269670e-01   3.9147481e-01   3.6532051e-01   1.7177714e-01   6.6446788e-01   7.3222011e-01   4.3699428e-01   4.9357698e-01   3.3900668e-01   3.4285347e-01   5.3486360e-01   2.4679123e-01   2.6561500e-01   2.9520351e-01   5.7588891e-01   3.7027426e-01   4.8634381e-01
   4.5659091e-01   4.9196695e-01   4.5818878e-01   4.2129154e-01   3.7584097e-01   3.6552957e-01   3.9329086e-01   4.8530616e-01   4.3845317e-01   4.3683720e-01   4.5489615e-01   4.4804102e-01   4.8000399e-01   4.8829518e-01   4.7966475e-01   4.6950007e-01   5.0252907e-01   4.8571283e-01   0.0000000e+00   8.1810586e-01   7.7814080e-01   5.8919136e-01   5.1603589e-01   6.3781545e-01   4.5523246e-01   4.8989322e-01   5.1337652e-01   6.6096816e-01   4.4552685e-01   4.0681249e-01   2.9248621e-01   3.2921142e-01   3.9021433e-01   5.3945174e-01   4.7759019e-01   5.6492758e-01   5.0698414e-01   4.7118892e-01   6.5160182e-01   4.7815125e-01   5.4995300e-01   5.6635981e-01   6.2938229e-01   4.9412396e-01   6.1876085e-01   4.3815507e-01   4.4616724e-01   4.3613373e-01   4.1278229e-01   4.0221294e-01   3.1246262e-01   3.5567593e-01   4.7247474e-01   4.5755772e-01   4.0796270e-01   4.8507719e-01   4.0728771e-01   4.5931849e-01   4.6237971e-01   4.9208759e-01   4.7905105e-01   5.0686929e-01   4.3967581e-01   8.1285832e-01   7.2348215e-01   6.5996300e-01   5.9956184e-01   5.1323284e-01   5.9778201e-01   4.8323029e-01   5.6179502e-01   5.2800441e-01   6.8149086e-01   4.4687481e-01   4.1923239e-01   3.4998957e-01   3.5243161e-01   3.5534973e-01   5.3879281e-01   4.7895601e-01   5.3601026e-01   5.0313777e-01   4.3188917e-01   6.2807392e-01   4.6334490e-01   5.1943978e-01   5.7336416e-01   5.8575670e-01   4.0983774e-01   5.9981071e-01
   4.1105445e-01   4.6454072e-01   4.6071484e-01   3.7687584e-01   3.0282797e-01   3.0536901e-01   3.2978440e-01   4.4521863e-01   3.4506488e-01   3.8303679e-01   4.7156806e-01   4.2624367e-01   4.6981411e-01   5.2378082e-01   3.9409517e-01   4.1763660e-01   4.5810246e-01   4.5197325e-01   8.1810586e-01   0.0000000e+00   7.4442650e-01   5.1850253e-01   4.6682196e-01   5.8430874e-01   4.1126194e-01   4.5672876e-01   4.6692959e-01   7.1328251e-01   4.0038389e-01   3.8620900e-01   2.7123151e-01   2.6763830e-01   3.8514336e-01   4.8328269e-01   4.1985557e-01   4.2789294e-01   4.0158676e-01   3.7522157e-01   5.2819994e-01   4.2255885e-01   4.8859354e-01   5.8565710e-01   5.8504848e-01   5.9596510e-01   6.4092466e-01   4.0848564e-01   4.2191731e-01   4.3936685e-01   3.8366033e-01   3.4907462e-01   2.6204587e-01   2.9624072e-01   4.1790354e-01   3.6556261e-01   3.5781404e-01   4.8521810e-01   3.6702553e-01   4.4397683e-01   4.9599537e-01   4.0534721e-01   4.2808430e-01   4.5656835e-01   4.1696502e-01   7.2724422e-01   8.1542615e-01   6.5839436e-01   5.3791973e-01   4.6828852e-01   5.5690665e-01   4.3565579e-01   5.1104456e-01   4.8506298e-01   7.0783301e-01   4.0218707e-01   3.9807477e-01   3.2157120e-01   2.9083445e-01   3.3501925e-01   4.9856385e-01   4.3443524e-01   4.1413939e-01   4.1775856e-01   3.7426128e-01   5.1035026e-01   4.0841988e-01   4.6034073e-01   5.8447167e-01   5.4657595e-01   4.9527617e-01   6.0898348e-01
   4.4186818e-01   4.1275242e-01   4.0807385e-01   3.8053310e-01   3.5886136e-01   4.0325314e-01   4.0151432e-01   5.3194588e-01   4.9086926e-01   4.2169297e-01   4.7047934e-01   3.5124167e-01   3.7511617e-01   4.2318676e-01   5.4730502e-01   4.2258270e-01   4.8691593e-01   3.2242925e-01   7.7814080e-01   7.4442650e-01   0.0000000e+00   4.5735822e-01   4.1965417e-01   4.9835075e-01   3.6505506e-01   3.8809314e-01   4.0408076e-01   5.6682294e-01   4.3235094e-01   3.5869090e-01   2.8376475e-01   3.8983751e-01   2.9711003e-01   4.0062553e-01   3.7458673e-01   4.2942426e-01   5.5639765e-01   5.0504108e-01   4.9945982e-01   5.1040462e-01   5.7072216e-01   6.6039947e-01   5.7073339e-01   4.8646101e-01   5.4669171e-01   4.2245080e-01   3.4020850e-01   3.7230267e-01   3.3753193e-01   3.4986631e-01   3.4494083e-01   3.4568817e-01   4.6951674e-01   4.9970242e-01   3.8319964e-01   4.6921517e-01   3.0033115e-01   3.4238113e-01   3.9383470e-01   5.5574292e-01   4.2328573e-01   4.8428083e-01   2.7725557e-01   6.8205890e-01   6.6003314e-01   7.4971488e-01   4.6268142e-01   4.1008665e-01   4.8584016e-01   3.9668324e-01   4.5222856e-01   4.3576756e-01   5.9260744e-01   4.4367238e-01   3.6642246e-01   3.1604397e-01   4.0563113e-01   2.3234915e-01   4.0280053e-01   4.0729293e-01   4.0271610e-01   5.4755824e-01   4.6196793e-01   4.8887221e-01   5.1211158e-01   5.7629221e-01   6.0484765e-01   5.3366856e-01   3.7975455e-01   5.1788915e-01
   5.9080465e-01   5.4330186e-01   4.5458647e-01   4.9634672e-01   3.8729065e-01   4.5588565e-01   4.4682371e-01   4.4835694e-01   4.9426717e-01   5.3073944e-01   3.8491501e-01   4.6162903e-01   4.9736053e-01   4.3119655e-01   4.9763149e-01   5.1698241e-01   6.1870075e-01   5.1734778e-01   5.8919136e-01   5.1850253e-01   4.5735822e-01   0.0000000e+00   8.7350569e-01   9.1947300e-01   8.1523009e-01   8.0115202e-01   7.2936056e-01   7.5625036e-01   5.4301936e-01   5.7636873e-01   3.9185036e-01   4.0337760e-01   4.6274036e-01   6.8075121e-01   5.4439465e-01   5.0783616e-01   5.4130883e-01   5.2031735e-01   6.0734662e-01   5.2103898e-01   5.9566526e-01   4.9723982e-01   6.3666707e-01   4.0856565e-01   5.8590283e-01   5.6302821e-01   5.2443608e-01   4.7202136e-01   5.1469993e-01   4.4017709e-01   4.0703648e-01   3.9310850e-01   4.6057020e-01   5.0674297e-01   5.0602132e-01   4.2699564e-01   4.4316210e-01   5.0155109e-01   4.3298952e-01   4.8927258e-01   5.4649673e-01   6.3274535e-01   4.8351638e-01   5.8032662e-01   4.9994442e-01   4.3029017e-01   9.4070909e-01   8.5946931e-01   8.9770678e-01   8.2526947e-01   8.2046579e-01   7.0652179e-01   7.2935696e-01   5.4463987e-01   6.0285753e-01   4.5511421e-01   3.8575217e-01   4.1624726e-01   6.9750673e-01   5.1226720e-01   4.9967898e-01   5.3560435e-01   4.9714474e-01   6.0693386e-01   5.0732212e-01   5.4833917e-01   4.5130195e-01   5.9657554e-01   3.1462927e-01   5.1396628e-01
   5.9761123e-01   5.6261050e-01   4.7694248e-01   5.6360601e-01   4.3274802e-01   5.0684358e-01   4.8391449e-01   4.4323471e-01   5.0540027e-01   5.5127178e-01   3.7969906e-01   4.4632785e-01   4.5848434e-01   3.7543474e-01   4.8582969e-01   5.0752117e-01   6.6768034e-01   5.6445419e-01   5.1603589e-01   4.6682196e-01   4.1965417e-01   8.7350569e-01   0.0000000e+00   8.2760981e-01   8.8182290e-01   8.2560722e-01   6.8578044e-01   7.1135877e-01   5.6287527e-01   6.7350064e-01   4.8915301e-01   4.9418343e-01   5.3348168e-01   7.8587312e-01   5.7828738e-01   5.0006136e-01   5.2157129e-01   4.9347034e-01   5.8784609e-01   4.8321312e-01   6.0715998e-01   4.9273599e-01   6.3926079e-01   3.8073137e-01   5.9431976e-01   5.5613794e-01   4.7793119e-01   4.6262952e-01   5.0367364e-01   4.2916893e-01   4.0745527e-01   3.6643528e-01   4.0061548e-01   5.0634612e-01   5.0798750e-01   4.1696731e-01   3.9651137e-01   4.3452555e-01   3.6997104e-01   4.6123121e-01   5.1458390e-01   6.5921706e-01   5.0832991e-01   5.0693950e-01   4.3337666e-01   3.9388860e-01   8.3920442e-01   9.3680284e-01   8.0532882e-01   8.6484075e-01   7.9883146e-01   6.7487385e-01   6.7678416e-01   5.5457981e-01   6.5399578e-01   4.8478741e-01   4.3653453e-01   4.0921653e-01   7.6898838e-01   5.1205626e-01   4.7526734e-01   5.0690900e-01   4.7241839e-01   5.6523939e-01   4.6786302e-01   5.3850602e-01   4.1201770e-01   5.6886810e-01   2.7659450e-01   4.8732853e-01
   6.2395092e-01   5.6330145e-01   4.4163560e-01   5.1503917e-01   3.9216008e-01   4.6734137e-01   4.4385976e-01   4.5568433e-01   4.9769577e-01   5.7144424e-01   3.9490410e-01   4.4933905e-01   4.4928158e-01   4.0006825e-01   4.9772407e-01   4.8031266e-01   6.0814685e-01   4.8682068e-01   6.3781545e-01   5.8430874e-01   4.9835075e-01   9.1947300e-01   8.2760981e-01   0.0000000e+00   8.0502271e-01   7.9348012e-01   7.9405562e-01   8.2671655e-01   5.7623033e-01   6.1988005e-01   4.0190339e-01   4.2391875e-01   4.3655404e-01   6.5640475e-01   5.9407157e-01   5.2968252e-01   5.4322214e-01   5.1314544e-01   6.4737577e-01   5.0192720e-01   5.9641077e-01   5.4082245e-01   6.2268765e-01   4.2356841e-01   6.5205024e-01   5.9303283e-01   5.3038848e-01   4.6136961e-01   5.2815342e-01   4.6603419e-01   4.1174676e-01   4.0371617e-01   4.6768031e-01   5.0179487e-01   5.4390846e-01   4.3143620e-01   4.3118011e-01   4.5157448e-01   3.9561612e-01   4.8881625e-01   5.0510305e-01   6.1476860e-01   4.4111807e-01   6.2765839e-01   5.4990325e-01   4.6597242e-01   9.0977995e-01   8.1133128e-01   9.3401872e-01   8.1558755e-01   8.0550512e-01   7.6264795e-01   7.8343183e-01   5.6413304e-01   6.2485936e-01   4.5302080e-01   3.9098407e-01   3.6626437e-01   6.7925722e-01   5.7020408e-01   5.2424352e-01   5.3542210e-01   4.9348941e-01   6.4669935e-01   4.8182207e-01   5.4240466e-01   4.9562186e-01   5.7990825e-01   3.3381156e-01   5.5937802e-01
   6.3056175e-01   4.8419862e-01   3.7876696e-01   4.8868458e-01   3.7019946e-01   4.9802588e-01   4.5522961e-01   4.0058086e-01   4.8329771e-01   5.3175177e-01   3.1769911e-01   3.5428110e-01   3.2401825e-01   2.9711018e-01   4.4359391e-01   3.7292938e-01   5.6637741e-01   3.8866478e-01   4.5523246e-01   4.1126194e-01   3.6505506e-01   8.1523009e-01   8.8182290e-01   8.0502271e-01   0.0000000e+00   9.1548475e-01   7.7600225e-01   7.5358699e-01   5.9141283e-01   7.4592815e-01   4.8633161e-01   4.8562622e-01   4.4715543e-01   6.3489567e-01   5.5265863e-01   4.3518417e-01   5.0780556e-01   4.7928302e-01   5.1559141e-01   4.2811053e-01   5.2038296e-01   4.2271673e-01   5.2855812e-01   3.0471403e-01   5.9144798e-01   5.7424575e-01   4.4334947e-01   3.9252508e-01   4.5998680e-01   3.9219012e-01   4.1920715e-01   3.6923340e-01   3.8138656e-01   4.6041557e-01   5.0221197e-01   3.4659887e-01   3.4517537e-01   3.3262725e-01   3.0890207e-01   4.0451894e-01   4.0011547e-01   5.6956281e-01   3.5804186e-01   4.4821277e-01   3.7609564e-01   3.4974124e-01   7.8312649e-01   8.2463563e-01   7.9861239e-01   9.1473448e-01   8.3645272e-01   7.4797988e-01   6.8474154e-01   5.5427347e-01   7.0237299e-01   4.9331308e-01   4.0494008e-01   3.1282344e-01   6.4319400e-01   4.9840760e-01   4.2245952e-01   4.8565024e-01   4.5904070e-01   5.0476707e-01   4.0017501e-01   4.6455141e-01   3.5679948e-01   4.7499633e-01   2.3293807e-01   4.5784881e-01
   5.9250184e-01   5.1569309e-01   4.1572327e-01   5.2003080e-01   4.0264525e-01   5.1330154e-01   4.9367971e-01   4.2057507e-01   4.5364631e-01   4.8218659e-01   3.3189966e-01   3.7753049e-01   3.6587435e-01   3.3664587e-01   4.2994303e-01   3.8374882e-01   5.6529801e-01   4.2048764e-01   4.8989322e-01   4.5672876e-01   3.8809314e-01   8.0115202e-01   8.2560722e-01   7.9348012e-01   9.1548475e-01   0.0000000e+00   7.9002822e-01   7.7623611e-01   5.6293597e-01   7.3692315e-01   4.9568797e-01   4.8281448e-01   5.2687324e-01   6.6662852e-01   5.3531852e-01   4.3618678e-01   5.0122701e-01   4.7832788e-01   5.3197484e-01   4.2359767e-01   5.2436874e-01   4.2522810e-01   5.8792822e-01   3.1335074e-01   6.3787105e-01   5.4390413e-01   4.5078414e-01   4.0605382e-01   4.7088943e-01   4.1076023e-01   4.0429682e-01   3.7557219e-01   3.8403342e-01   4.3579684e-01   4.5264543e-01   3.6210259e-01   3.5032093e-01   3.5679098e-01   3.3516257e-01   3.9463640e-01   3.9356975e-01   5.6154075e-01   3.7806946e-01   4.7589865e-01   4.1925665e-01   3.7195199e-01   7.6803344e-01   7.7340610e-01   7.7775075e-01   8.7090214e-01   8.7184156e-01   7.5921744e-01   7.1113950e-01   5.1721076e-01   6.9932788e-01   5.0230929e-01   4.0773562e-01   3.5132168e-01   6.6683507e-01   4.7575625e-01   4.2390198e-01   4.7747752e-01   4.5482049e-01   5.1504295e-01   3.9627188e-01   4.5371366e-01   3.4729869e-01   4.8555813e-01   2.4060653e-01   4.8483488e-01
   5.4772338e-01   4.5186836e-01   3.6560395e-01   4.0906774e-01   3.2642430e-01   3.8133957e-01   3.5044232e-01   3.8441689e-01   4.2992691e-01   4.8966486e-01   3.1455566e-01   3.6320791e-01   3.4099446e-01   3.1325345e-01   3.9991100e-01   3.4847957e-01   4.4779164e-01   3.5268091e-01   5.1337652e-01   4.6692959e-01   4.0408076e-01   7.2936056e-01   6.8578044e-01   7.9405562e-01   7.7600225e-01   7.9002822e-01   0.0000000e+00   7.8731633e-01   5.1927007e-01   5.6615687e-01   3.2882456e-01   3.4860365e-01   3.2830733e-01   4.9243894e-01   5.0502057e-01   4.5488375e-01   4.5268412e-01   4.1107349e-01   5.1237421e-01   4.1522447e-01   4.8706941e-01   4.5447274e-01   5.0926170e-01   3.5699709e-01   6.1482082e-01   5.0983161e-01   4.6543690e-01   3.9831756e-01   4.4336255e-01   4.0243104e-01   3.4530941e-01   3.3796237e-01   4.0899871e-01   4.1555351e-01   4.7728257e-01   3.4167525e-01   3.7830301e-01   3.5373833e-01   3.1797480e-01   3.8168962e-01   3.8253720e-01   4.5933302e-01   3.4283835e-01   5.0768019e-01   4.4103319e-01   3.7747440e-01   7.3948818e-01   6.6614319e-01   7.7112183e-01   7.4772680e-01   7.6626161e-01   8.2403555e-01   7.1604796e-01   4.8720089e-01   5.5300150e-01   3.7043876e-01   3.0815486e-01   3.0102679e-01   5.2644268e-01   5.0660344e-01   4.5121738e-01   4.4036491e-01   3.9269189e-01   5.0986410e-01   3.8714053e-01   4.3812129e-01   4.0308568e-01   4.7932004e-01   2.8877097e-01   4.9480014e-01
