   0.0000000e+00   9.5818188e-01   4.3179838e-02   9.7581748e-01   4.0200466e-02   9.5705412e-01   9.0505260e-01   4.1654595e-02   8.9805247e-01   8.6273554e-01   1.9505629e-01   2.1599807e-01   0.0000000e+00   0.0000000e+00   8.7520093e-01   2.2715551e-02   8.7319780e-01   0.0000000e+00   9.0101789e-01   1.8128784e-01   2.2417130e-01   5.1742029e-03   0.0000000e+00   4.9255860e-01   1.1402657e-01   1.9126865e-01   5.9219112e-02   6.5828326e-02   9.6747708e-01   7.8555468e-01   9.2027715e-01   9.2340940e-01   7.4944998e-01   4.6415099e-01   8.5739960e-01   5.9376749e-01   9.2620900e-01   3.7678272e-01   8.8226815e-01   3.2297855e-02   5.5934891e-01   1.1225318e-01   3.9347524e-01   3.9517539e-02   2.3647573e-01   2.4562028e-01   2.4379376e-01   4.3110219e-02   8.8793381e-02   4.0239355e-02   0.0000000e+00   3.5168903e-02   8.7176204e-02   0.0000000e+00   2.4076905e-01   1.5575574e-02   0.0000000e+00   0.0000000e+00   3.0529662e-03   1.1649364e-01   2.8714844e-02   4.7291303e-01   1.7453425e-02   1.6400117e-01   1.0869372e-01   6.9872485e-04   6.7555672e-02   0.0000000e+00   1.1465823e-01   5.4557988e-02   6.7944315e-02   2.7671742e-02   6.9133173e-02   1.8313226e-01   1.1663927e-01   0.0000000e+00   2.1625824e-02   0.0000000e+00   3.4289699e-01   6.0258867e-01   1.3390281e-01   5.1440241e-02   0.0000000e+00   4.2090795e-02   0.0000000e+00   3.4766783e-02   5.2809244e-02   1.0499901e-01   4.2304387e-02   4.0807793e-02
   9.5818188e-01   0.0000000e+00   8.6553970e-01   9.7935237e-01   8.2464659e-01   7.5396099e-01   8.9970807e-01   8.0104055e-01   4.0152928e-01   9.4393499e-01   5.4331237e-01   9.6646618e-01   8.0832226e-01   3.0414668e-01   8.5451122e-01   9.3042965e-01   9.1860753e-01   9.7519125e-02   7.4704988e-01   1.2546821e-01   1.2286423e-01   0.0000000e+00   3.2560865e-02   4.7631193e-01   1.0438798e-02   0.0000000e+00   0.0000000e+00   0.0000000e+00   7.3247815e-01   2.3498216e-01   0.0000000e+00   8.1957096e-02   4.3923571e-02   3.3771645e-01   4.5738853e-01   9.3563739e-01   9.4201549e-01   2.5678707e-01   9.3976560e-01   0.0000000e+00   4.0294190e-02   0.0000000e+00   0.0000000e+00   0.0000000e+00   0.0000000e+00   4.8404597e-01   9.1337034e-01   4.9747505e-01   6.6612826e-01   4.5224919e-02   3.3322031e-02   5.6484316e-02   5.6805483e-02   1.6584506e-02   8.8568481e-01   1.5552940e-01   9.1181190e-01   4.3981422e-01   1.4854399e-01   1.1138079e-01   8.0571735e-01   5.8560401e-01   0.0000000e+00   3.1257878e-01   6.8425826e-02   0.0000000e+00   0.0000000e+00   3.2193746e-02   1.8340015e-01   0.0000000e+00   6.9258271e-02   3.2853370e-02   6.7985612e-02   2.0617730e-01   0.0000000e+00   0.0000000e+00   6.2380873e-02   1.6584506e-02   2.5318298e-01   7.7938619e-01   1.4028846e-01   1.8840631e-01   0.0000000e+00   9.0998493e-02   0.0000000e+00   1.4947870e-02   4.5912880e-02   3.9540118e-02   3.3893223e-02   4.3847339e-02
   4.3179838e-02   8.6553970e-01   0.0000000e+00   7.7467929e-01   9.6749660e-01   2.4137117e-02   2.2090806e-01   9.6371152e-01   0.0000000e+00   0.0000000e+00   8.9802275e-01   7.8984884e-01   9.2899340e-01   9.6372588e-01   9.4995051e-01   6.7441801e-01   3.2794226e-02   0.0000000e+00   8.4714274e-02   4.2432383e-02   1.2795775e-01   2.0949550e-02   6.6974340e-03   0.0000000e+00   5.5263621e-03   0.0000000e+00   0.0000000e+00   1.3947880e-02   4.1565283e-03   4.4309515e-03   1.5477108e-02   0.0000000e+00   5.3063039e-04   3.2703202e-02   0.0000000e+00   9.3964449e-01   9.5413716e-01   2.1159917e-01   5.1627225e-01   0.0000000e+00   2.3403019e-02   7.2800724e-02   6.1049079e-02   0.0000000e+00   4.5459253e-03   0.0000000e+00   4.6490113e-01   5.4364632e-01   7.4667736e-02   9.6175998e-02   8.0645446e-03   6.1392837e-02   1.8152298e-02   0.0000000e+00   0.0000000e+00   8.1951241e-02   5.1023495e-01   5.4184667e-01   4.0170054e-01   0.0000000e+00   4.2472462e-01   1.9452887e-02   0.0000000e+00   0.0000000e+00   1.5828113e-02   0.0000000e+00   2.7807573e-02   1.0718581e-02   3.2004246e-02   0.0000000e+00   1.3458896e-02   5.6414473e-03   1.1221655e-02   6.1778543e-02   2.9009401e-03   1.5232485e-02   0.0000000e+00   1.1258000e-02   3.9336688e-03   0.0000000e+00   4.2797753e-02   0.0000000e+00   0.0000000e+00   2.7956787e-02   0.0000000e+00   1.4522446e-02   0.0000000e+00   1.6448718e-02   5.8357663e-02   9.4487123e-02
   9.7581748e-01   9.7935237e-01   7.7467929e-01   0.0000000e+00   9.1881139e-01   9.5503382e-01   9.6583210e-01   8.8830171e-01   6.2780368e-01   7.9932716e-01   4.5396489e-01   8.9279936e-01   2.9438492e-01   6.3159173e-02   9.1679156e-01   7.4469020e-01   5.6123067e-01   0.0000000e+00   6.1031004e-01   8.6090999e-02   1.2119837e-01   1.0223726e-02   1.1302016e-02   3.7930850e-01   0.0000000e+00   7.8542763e-02   0.0000000e+00   4.6696503e-02   8.7862326e-01   3.0852084e-01   6.0441686e-01   3.2789980e-01   3.7182653e-01   1.1068242e-01   1.8441189e-01   9.2450737e-01   9.4214764e-01   3.5820242e-01   9.2697340e-01   0.0000000e+00   1.1996503e-01   0.0000000e+00   1.5461117e-01   0.0000000e+00   1.2359067e-01   4.3376038e-02   7.8251547e-01   2.1960088e-02   3.4692698e-01   2.2001434e-02   0.0000000e+00   6.9339657e-03   4.1532393e-02   2.3889229e-02   1.6044821e-01   8.9437988e-02   8.0548523e-01   1.2536287e-01   2.2980402e-02   9.8195573e-03   4.6662202e-01   1.5945257e-01   0.0000000e+00   2.1966327e-01   5.1308962e-02   0.0000000e+00   3.9277775e-02   5.2618843e-02   4.6680419e-02   2.8554252e-02   8.4875200e-02   2.9131146e-02   6.1808892e-02   4.5737921e-02   0.0000000e+00   1.0651161e-02   1.6496173e-02   1.7125472e-02   3.3101111e-02   4.8533225e-02   1.0768183e-01   3.9972630e-02   0.0000000e+00   6.3241541e-02   0.0000000e+00   5.9094786e-02   8.5025534e-02   1.0152374e-01   5.7151237e-02   9.5333557e-02
   4.0200466e-02   8.2464659e-01   9.6749660e-01   9.1881139e-01   0.0000000e+00   1.2335759e-01   8.3328545e-01   9.4535656e-01   0.0000000e+00   0.0000000e+00   5.7639600e-01   7.5213137e-01   8.6745607e-01   8.6987440e-01   9.3684665e-01   2.2774995e-01   3.9880550e-02   0.0000000e+00   4.2317178e-02   0.0000000e+00   8.3131064e-02   0.0000000e+00   3.1898213e-03   1.5345826e-02   0.0000000e+00   0.0000000e+00   0.0000000e+00   1.5345826e-02   0.0000000e+00   0.0000000e+00   0.0000000e+00   0.0000000e+00   0.0000000e+00   1.3190847e-02   0.0000000e+00   8.1219662e-01   9.3778904e-01   1.2726977e-01   3.3110306e-01   0.0000000e+00   1.9731021e-02   4.1367369e-02   8.3456774e-04   0.0000000e+00   0.0000000e+00   1.2703332e-02   1.0811909e-01   6.8808514e-02   0.0000000e+00   3.8689180e-02   0.0000000e+00   1.9012883e-03   1.8152298e-02   0.0000000e+00   0.0000000e+00   2.3953236e-02   1.8733493e-02   2.6710865e-02   8.3788742e-02   0.0000000e+00   1.9587693e-01   0.0000000e+00   0.0000000e+00   4.9584134e-02   2.4442982e-02   0.0000000e+00   0.0000000e+00   0.0000000e+00   5.2524797e-02   0.0000000e+00   0.0000000e+00   0.0000000e+00   8.2869450e-02   0.0000000e+00   0.0000000e+00   2.3151578e-02   2.3151578e-02   0.0000000e+00   1.0123339e-02   0.0000000e+00   2.9150946e-02   0.0000000e+00   0.0000000e+00   0.0000000e+00   0.0000000e+00   0.0000000e+00   2.4971831e-02   8.0697150e-02   3.0539204e-02   6.1808361e-02
   9.5705412e-01   7.5396099e-01   2.4137117e-02   9.5503382e-01   1.2335759e-01   0.0000000e+00   9.6873595e-01   5.8690149e-01   9.4798191e-01   2.8957520e-01   4.2393469e-02   5.2582418e-01   0.0000000e+00   0.0000000e+00   9.3990881e-01   4.7058564e-02   4.0878781e-02   3.3478283e-02   8.5228249e-02   0.0000000e+00   1.9687715e-02   0.0000000e+00   0.0000000e+00   4.3215073e-02   0.0000000e+00   4.2058405e-02   0.0000000e+00   0.0000000e+00   7.8277221e-01   0.0000000e+00   5.3217264e-01   5.9325526e-01   2.1372909e-01   0.0000000e+00   6.6693865e-02   1.4458250e-01   5.9862670e-01   0.0000000e+00   4.2627721e-01   1.2213191e-01   4.8698681e-01   2.7672228e-01   3.7598771e-01   8.2136691e-02   2.9148815e-01   1.9694650e-02   3.6695571e-02   0.0000000e+00   2.9691495e-02   2.1016026e-02   0.0000000e+00   0.0000000e+00   1.8653657e-03   5.0069033e-03   0.0000000e+00   2.7488300e-03   0.0000000e+00   0.0000000e+00   2.7488300e-03   7.3808481e-03   3.9260983e-02   6.5223908e-03   0.0000000e+00   1.9704457e-02   1.5682534e-02   0.0000000e+00   6.6445087e-03   0.0000000e+00   6.1498591e-02   0.0000000e+00   4.3393584e-02   6.7371925e-03   4.9660023e-02   4.1193970e-02   0.0000000e+00   6.3849326e-03   1.0799583e-02   0.0000000e+00   0.0000000e+00   0.0000000e+00   0.0000000e+00   0.0000000e+00   0.0000000e+00   7.2574828e-03   0.0000000e+00   4.3210907e-02   0.0000000e+00   0.0000000e+00   8.0552051e-03   8.5368131e-02
   9.0505260e-01   8.9970807e-01   2.2090806e-01   9.6583210e-01   8.3328545e-01   9.6873595e-01   0.0000000e+00   9.3082658e-01   7.9574233e-01   1.6102984e-01   1.0025329e-01   8.4938283e-01   0.0000000e+00   9.8070182e-02   9.5554853e-01   1.7784608e-01   1.3183778e-01   0.0000000e+00   9.7575332e-02   0.0000000e+00   0.0000000e+00   0.0000000e+00   0.0000000e+00   1.2692593e-01   0.0000000e+00   4.1496416e-02   0.0000000e+00   1.2337550e-02   3.4914654e-01   0.0000000e+00   2.1495275e-01   3.3776058e-01   2.1024403e-01   2.8431166e-02   0.0000000e+00   4.5606845e-01   8.7379419e-01   1.4967815e-01   3.6462257e-01   3.7462161e-02   1.1891223e-01   1.0987301e-01   1.2553731e-01   8.2136691e-02   8.4852173e-02   1.3051754e-02   3.3584995e-02   1.6247775e-02   2.8317263e-02   9.1421014e-02   0.0000000e+00   1.1654553e-02   0.0000000e+00   0.0000000e+00   2.8572131e-02   2.1418543e-02   8.6314931e-02   0.0000000e+00   0.0000000e+00   3.6295749e-02   4.1817632e-02   5.7955786e-02   0.0000000e+00   4.9364531e-02   9.0429996e-03   0.0000000e+00   0.0000000e+00   0.0000000e+00   5.7295251e-02   0.0000000e+00   6.5684419e-02   5.2273086e-02   3.1629202e-02   7.6742151e-03   0.0000000e+00   2.0488326e-02   0.0000000e+00   5.7577932e-02   4.4384501e-02   0.0000000e+00   5.5870435e-02   1.3301596e-03   0.0000000e+00   1.1881996e-02   0.0000000e+00   2.2434711e-02   1.0506337e-01   1.1157338e-01   3.4164068e-02   6.0231588e-02
   4.1654595e-02   8.0104055e-01   9.6371152e-01   8.8830171e-01   9.4535656e-01   5.8690149e-01   9.3082658e-01   0.0000000e+00   5.9941821e-02   1.4607332e-02   5.3246796e-01   6.9744381e-01   7.7866725e-01   8.8150555e-01   9.5997387e-01   1.2829123e-01   3.3548267e-02   2.2692476e-02   0.0000000e+00   8.0859011e-02   2.1750498e-02   0.0000000e+00   0.0000000e+00   4.1767611e-02   0.0000000e+00   0.0000000e+00   0.0000000e+00   0.0000000e+00   0.0000000e+00   0.0000000e+00   0.0000000e+00   1.0410016e-01   0.0000000e+00   0.0000000e+00   0.0000000e+00   6.7479164e-01   9.1191893e-01   1.6478052e-01   4.3781648e-01   0.0000000e+00   4.1959002e-02   1.5561264e-01   0.0000000e+00   0.0000000e+00   0.0000000e+00   4.1142071e-02   0.0000000e+00   9.2491401e-03   2.9763404e-02   1.6770353e-02   0.0000000e+00   0.0000000e+00   0.0000000e+00   0.0000000e+00   0.0000000e+00   0.0000000e+00   0.0000000e+00   0.0000000e+00   2.2613591e-02   4.2284809e-02   5.6214086e-02   2.4403405e-02   0.0000000e+00   4.3507001e-02   3.6272994e-02   0.0000000e+00   5.3672390e-02   1.8486210e-02   8.6876458e-02   1.7616134e-02   4.4884273e-02   4.1128426e-02   1.0048565e-01   2.0814564e-02   0.0000000e+00   1.4916941e-02   4.0535203e-02   1.1401093e-02   0.0000000e+00   0.0000000e+00   1.7487886e-02   2.9358718e-02   0.0000000e+00   5.0313793e-02   0.0000000e+00   2.1730947e-02   7.4436545e-02   1.4175961e-01   4.7719841e-02   1.7436646e-01
   8.9805247e-01   4.0152928e-01   0.0000000e+00   6.2780368e-01   0.0000000e+00   9.4798191e-01   7.9574233e-01   5.9941821e-02   0.0000000e+00   1.1410297e-01   0.0000000e+00   2.5069479e-01   0.0000000e+00   0.0000000e+00   9.7100380e-01   0.0000000e+00   0.0000000e+00   0.0000000e+00   2.8142287e-01   0.0000000e+00   2.7618547e-02   0.0000000e+00   0.0000000e+00   8.1915969e-02   7.8133836e-02   1.6823915e-01   1.9804324e-02   2.1996769e-02   9.5649977e-01   3.0889547e-01   8.6959777e-01   9.5744589e-01   6.9272439e-01   1.3065835e-01   1.1020116e-01   4.0712186e-02   8.7361814e-01   1.4727081e-01   2.8282351e-01   8.7477296e-01   9.1712462e-01   3.2414709e-01   6.4685904e-01   0.0000000e+00   2.6906773e-01   1.7457220e-02   0.0000000e+00   3.7040292e-03   0.0000000e+00   0.0000000e+00   0.0000000e+00   0.0000000e+00   0.0000000e+00   1.5664096e-02   3.7111106e-02   0.0000000e+00   0.0000000e+00   0.0000000e+00   1.8520146e-03   0.0000000e+00   0.0000000e+00   3.2295193e-02   2.0710714e-02   6.8228961e-02   4.7947370e-02   0.0000000e+00   5.7831699e-02   3.9849286e-02   8.3012061e-02   5.2534537e-02   1.4819162e-01   8.9209525e-02   1.9140025e-01   1.3980367e-02   0.0000000e+00   0.0000000e+00   1.1759248e-02   1.3312001e-03   0.0000000e+00   1.1474362e-02   0.0000000e+00   0.0000000e+00   0.0000000e+00   2.4322825e-02   0.0000000e+00   6.9077750e-02   1.2821757e-02   1.0823650e-01   2.6668810e-02   1.4132160e-01
   8.6273554e-01   9.4393499e-01   0.0000000e+00   7.9932716e-01   0.0000000e+00   2.8957520e-01   1.6102984e-01   1.4607332e-02   1.1410297e-01   0.0000000e+00   2.3360400e-01   8.7435118e-01   0.0000000e+00   0.0000000e+00   2.9183656e-01   7.9520441e-01   9.6990285e-01   1.1897931e-01   4.0784692e-01   0.0000000e+00   7.2757775e-02   0.0000000e+00   3.9165471e-02   3.6962900e-01   0.0000000e+00   2.5394550e-02   0.0000000e+00   2.3948820e-02   6.9568913e-01   2.1785780e-01   0.0000000e+00   8.8325281e-02   2.6377173e-02   6.7685478e-01   9.3406338e-01   6.8388411e-01   5.7259902e-01   3.7627422e-02   8.0429636e-01   1.1394661e-02   4.8107669e-02   2.1495139e-02   3.6728364e-02   0.0000000e+00   0.0000000e+00   4.5810635e-01   8.8351236e-01   1.7221156e-02   4.1111053e-01   2.0626287e-02   0.0000000e+00   5.6928567e-03   5.4513773e-02   0.0000000e+00   8.8555446e-01   3.3545690e-02   6.1338158e-01   0.0000000e+00   1.7221156e-02   9.7825550e-02   5.4476309e-01   7.5232010e-01   0.0000000e+00   2.0659042e-02   1.0621421e-02   0.0000000e+00   0.0000000e+00   0.0000000e+00   0.0000000e+00   3.1209338e-02   6.0768431e-02   0.0000000e+00   1.9984301e-02   2.1382407e-01   2.8702296e-02   0.0000000e+00   0.0000000e+00   0.0000000e+00   2.2493858e-01   8.5820238e-01   3.8993636e-02   6.5199804e-02   0.0000000e+00   4.4289136e-02   0.0000000e+00   5.0209343e-02   5.7785337e-03   3.0719417e-02   0.0000000e+00   1.0572294e-01
   1.9505629e-01   5.4331237e-01   8.9802275e-01   4.5396489e-01   5.7639600e-01   4.2393469e-02   1.0025329e-01   5.3246796e-01   0.0000000e+00   2.3360400e-01   0.0000000e+00   8.9161418e-01   9.3389604e-01   9.3014434e-01   1.8011009e-01   8.1212592e-01   1.4997065e-01   3.3800188e-02   4.6623162e-01   1.2986272e-01   4.4404167e-01   0.0000000e+00   0.0000000e+00   2.7016202e-01   0.0000000e+00   0.0000000e+00   0.0000000e+00   0.0000000e+00   1.2256426e-01   3.9302048e-02   3.6859711e-02   0.0000000e+00   0.0000000e+00   3.9390905e-02   1.5353487e-01   7.6301726e-01   5.2958533e-01   2.7730888e-01   4.0713926e-01   0.0000000e+00   0.0000000e+00   1.2100415e-01   0.0000000e+00   8.2617149e-02   2.6490660e-02   2.7273902e-02   6.5444356e-02   2.7762548e-01   1.8004447e-02   0.0000000e+00   5.2186701e-02   0.0000000e+00   4.9300506e-02   0.0000000e+00   3.5331082e-02   3.8320477e-01   1.1100760e-01   2.9091988e-01   4.2122534e-01   0.0000000e+00   3.1375831e-01   3.6852296e-02   3.5481487e-02   1.7307955e-01   1.0491753e-01   0.0000000e+00   4.3089217e-02   9.6041269e-03   6.7568974e-02   0.0000000e+00   2.7119754e-02   2.3339001e-02   2.1092958e-02   6.8050680e-03   0.0000000e+00   2.7873941e-02   7.7185624e-03   0.0000000e+00   0.0000000e+00   0.0000000e+00   2.7954590e-01   0.0000000e+00   0.0000000e+00   2.0136803e-01   0.0000000e+00   6.9881408e-03   0.0000000e+00   3.5119480e-02   0.0000000e+00   9.6746536e-02
   2.1599807e-01   9.6646618e-01   7.8984884e-01   8.9279936e-01   7.5213137e-01   5.2582418e-01   8.4938283e-01   6.9744381e-01   2.5069479e-01   8.7435118e-01   8.9161418e-01   0.0000000e+00   9.2783768e-01   6.9744080e-01   7.2225118e-01   9.5548581e-01   9.4704343e-01   0.0000000e+00   2.5008103e-01   8.6648450e-02   4.2905436e-02   3.0078124e-02   3.0078124e-02   2.5239798e-01   0.0000000e+00   2.1564987e-03   1.3488247e-03   0.0000000e+00   1.1335250e-01   3.3200809e-02   0.0000000e+00   7.7270190e-02   0.0000000e+00   1.1569001e-01   9.8987565e-02   9.2930676e-01   9.2515929e-01   1.7141380e-01   9.2242880e-01   0.0000000e+00   0.0000000e+00   0.0000000e+00   3.3289038e-02   0.0000000e+00   4.4357026e-02   8.2417411e-02   9.1526746e-01   6.9994175e-01   7.6409983e-01   7.9811482e-02   0.0000000e+00   1.3846134e-01   0.0000000e+00   2.2474278e-02   7.7922211e-01   1.3406299e-01   9.1764057e-01   7.2286216e-01   2.0432386e-01   0.0000000e+00   8.3742764e-01   2.3030280e-01   0.0000000e+00   5.1818107e-02   5.9173881e-03   1.0693481e-03   1.5995187e-02   4.3363423e-02   2.5227123e-02   7.7117897e-02   8.6233062e-02   0.0000000e+00   3.9876495e-02   2.3744282e-02   0.0000000e+00   0.0000000e+00   3.2320345e-02   0.0000000e+00   0.0000000e+00   0.0000000e+00   1.1712958e-01   2.1482343e-01   0.0000000e+00   3.7832277e-02   0.0000000e+00   1.0060410e-01   6.6635836e-03   6.5417593e-02   0.0000000e+00   8.8610422e-02
   0.0000000e+00   8.0832226e-01   9.2899340e-01   2.9438492e-01   8.6745607e-01   0.0000000e+00   0.0000000e+00   7.7866725e-01   0.0000000e+00   0.0000000e+00   9.3389604e-01   9.2783768e-01   0.0000000e+00   9.5776355e-01   8.0371030e-01   9.2100371e-01   3.6195613e-02   0.0000000e+00   4.2747943e-02   0.0000000e+00   1.2669324e-01   1.9123411e-02   3.0036358e-02   6.2652454e-02   3.2952677e-02   7.7939374e-02   3.8557341e-02   7.3191241e-02   0.0000000e+00   1.2391215e-02   0.0000000e+00   3.2351551e-02   0.0000000e+00   1.1029793e-02   0.0000000e+00   9.3333745e-01   9.4512993e-01   2.1188007e-01   2.9893410e-01   0.0000000e+00   1.9882080e-02   0.0000000e+00   1.5600661e-02   0.0000000e+00   1.8846022e-02   0.0000000e+00   3.3547782e-01   5.5310570e-01   0.0000000e+00   8.5243657e-02   0.0000000e+00   5.5445424e-02   0.0000000e+00   0.0000000e+00   1.0907557e-02   2.5379278e-01   6.6982838e-01   6.4029028e-01   6.4438939e-01   0.0000000e+00   6.9179604e-01   0.0000000e+00   0.0000000e+00   1.4883481e-02   1.4922186e-02   0.0000000e+00   2.7225154e-02   0.0000000e+00   3.5600336e-02   0.0000000e+00   4.3086033e-02   2.3195088e-02   3.9145659e-03   4.0285208e-02   0.0000000e+00   3.9619728e-02   0.0000000e+00   0.0000000e+00   3.9336688e-03   0.0000000e+00   2.1283240e-01   5.0595238e-02   0.0000000e+00   0.0000000e+00   0.0000000e+00   0.0000000e+00   0.0000000e+00   4.6609643e-02   0.0000000e+00   6.6647961e-02
   0.0000000e+00   3.0414668e-01   9.6372588e-01   6.3159173e-02   8.6987440e-01   0.0000000e+00   9.8070182e-02   8.8150555e-01   0.0000000e+00   0.0000000e+00   9.3014434e-01   6.9744080e-01   9.5776355e-01   0.0000000e+00   8.4720320e-01   7.0920457e-01   1.2338559e-02   0.0000000e+00   4.2397096e-02   2.6445491e-02   3.0451162e-02   1.7625593e-02   6.9436800e-03   4.3555867e-02   0.0000000e+00   1.9988327e-02   1.3329925e-02   8.2800854e-02   0.0000000e+00   0.0000000e+00   0.0000000e+00   3.2351551e-02   1.4985009e-02   7.6848872e-03   0.0000000e+00   9.3660697e-01   7.0113776e-01   0.0000000e+00   1.2643744e-01   0.0000000e+00   1.9882080e-02   3.4747399e-02   2.4862125e-02   0.0000000e+00   2.3578417e-02   9.6552840e-03   4.4186425e-02   3.3101628e-01   5.3424899e-02   9.1972294e-02   0.0000000e+00   5.4128773e-02   1.4976191e-02   8.2005191e-03   0.0000000e+00   1.5257823e-01   2.8464229e-01   3.7138843e-01   5.7114508e-01   2.9069180e-02   3.0589514e-01   4.1279276e-02   0.0000000e+00   4.4147049e-02   1.9202085e-02   0.0000000e+00   0.0000000e+00   2.8911012e-02   4.6498202e-02   2.2171128e-02   3.1880541e-02   0.0000000e+00   8.7674805e-02   4.9407858e-02   2.9009401e-03   1.9499452e-02   2.3083930e-02   1.7721725e-02   3.9336688e-03   0.0000000e+00   1.6286790e-01   0.0000000e+00   0.0000000e+00   0.0000000e+00   0.0000000e+00   1.0831656e-02   4.1483866e-02   7.8020605e-02   2.8675499e-02   1.6566514e-01
   8.7520093e-01   8.5451122e-01   9.4995051e-01   9.1679156e-01   9.3684665e-01   9.3990881e-01   9.5554853e-01   9.5997387e-01   9.7100380e-01   2.9183656e-01   1.8011009e-01   7.2225118e-01   8.0371030e-01   8.4720320e-01   0.0000000e+00   1.3582893e-01   1.6667771e-01   8.3776968e-02   7.3424378e-01   3.2728603e-01   5.6158305e-01   4.4729145e-01   4.4213834e-01   5.2665314e-01   5.0892308e-01   7.9266471e-01   3.8189128e-01   3.5736879e-01   9.0610050e-01   8.0043843e-01   8.6087873e-01   9.1566165e-01   8.5892541e-01   6.3409374e-01   2.8243107e-01   5.4298788e-01   9.5942422e-01   1.5705469e-01   6.0249682e-01   9.1065941e-01   9.1307179e-01   6.0986047e-01   9.0081340e-01   4.8171123e-01   6.8197898e-01   2.2053752e-03   0.0000000e+00   2.5855368e-02   1.0001381e-02   2.4271498e-02   0.0000000e+00   2.3633147e-02   4.4190400e-02   3.2431001e-02   6.7757973e-02   0.0000000e+00   0.0000000e+00   3.3815920e-02   2.4124233e-02   4.2179831e-02   2.4596271e-02   5.3553512e-02   2.9625348e-02   4.1682416e-02   7.7795173e-03   0.0000000e+00   4.1917429e-02   8.0720916e-02   0.0000000e+00   9.6589829e-02   1.5972823e-02   0.0000000e+00   9.1322544e-02   5.7007743e-02   3.8391031e-02   4.5818019e-02   0.0000000e+00   0.0000000e+00   0.0000000e+00   0.0000000e+00   0.0000000e+00   3.6113796e-02   0.0000000e+00   4.1721957e-02   4.4010213e-02   5.9390140e-02   1.6886931e-02   1.0982481e-01   7.7693640e-03   1.2114896e-01
   2.2715551e-02   9.3042965e-01   6.7441801e-01   7.4469020e-01   2.2774995e-01   4.7058564e-02   1.7784608e-01   1.2829123e-01   0.0000000e+00   7.9520441e-01   8.1212592e-01   9.5548581e-01   9.2100371e-01   7.0920457e-01   1.3582893e-01   0.0000000e+00   9.5752711e-01   1.5654168e-01   1.4242128e-01   3.1640128e-02   0.0000000e+00   4.0721242e-02   7.9385776e-02   1.0379884e-01   3.7527416e-02   1.0726191e-01   4.2220490e-02   1.4141740e-01   6.0188454e-02   1.0737579e-01   3.0167088e-02   1.9895867e-03   0.0000000e+00   2.5186976e-01   8.2032641e-02   5.4709016e-01   1.7768192e-01   0.0000000e+00   3.0893492e-01   0.0000000e+00   5.3694133e-02   1.1220607e-02   5.4116313e-02   1.7421776e-02   1.2891578e-01   9.8278308e-02   8.6857295e-01   3.6253253e-01   6.4125337e-01   8.7187885e-02   3.7144442e-02   1.1799983e-01   3.2594769e-02   2.3702961e-02   3.3741954e-01   3.4441650e-01   8.8424946e-01   5.8328377e-01   3.2602789e-01   1.2024950e-01   8.3265565e-01   4.4541193e-01   0.0000000e+00   1.6604416e-02   0.0000000e+00   0.0000000e+00   1.4690287e-02   2.5394544e-02   2.1287745e-02   1.3126403e-02   0.0000000e+00   0.0000000e+00   1.0577519e-02   0.0000000e+00   0.0000000e+00   0.0000000e+00   0.0000000e+00   0.0000000e+00   0.0000000e+00   0.0000000e+00   1.1153270e-01   0.0000000e+00   0.0000000e+00   3.6588056e-02   0.0000000e+00   0.0000000e+00   1.1123978e-02   3.2731706e-02   0.0000000e+00   2.4187332e-02
   8.7319780e-01   9.1860753e-01   3.2794226e-02   5.6123067e-01   3.9880550e-02   4.0878781e-02   1.3183778e-01   3.3548267e-02   0.0000000e+00   9.6990285e-01   1.4997065e-01   9.4704343e-01   3.6195613e-02   1.2338559e-02   1.6667771e-01   9.5752711e-01   0.0000000e+00   9.2670763e-01   1.8958228e-01   5.4153211e-02   0.0000000e+00   6.5829401e-01   7.1089029e-01   5.4349777e-01   2.2239853e-01   5.1476745e-02   0.0000000e+00   2.4495111e-02   8.6358595e-01   8.8813318e-01   1.8605286e-01   3.1869412e-02   1.4185911e-01   9.7594626e-01   9.3395377e-01   3.3783370e-01   2.8923336e-01   0.0000000e+00   1.0723124e-01   0.0000000e+00   4.3899055e-03   1.9619709e-02   9.5403415e-02   0.0000000e+00   5.1250378e-02   4.6803472e-01   7.9335056e-01   2.4714141e-02   3.4342362e-01   2.1405206e-02   3.9553801e-02   1.2855538e-01   2.5390208e-02   2.7357558e-02   8.1214115e-01   4.4964707e-02   6.5080552e-01   0.0000000e+00   0.0000000e+00   7.2943871e-02   4.9167143e-01   7.6258627e-01   4.0518477e-01   9.7776691e-02   1.3152352e-02   0.0000000e+00   3.3525311e-02   3.7074594e-02   8.6544298e-02   0.0000000e+00   1.3606688e-02   0.0000000e+00   4.3866924e-02   5.2194326e-01   4.6783930e-01   1.1669358e-01   0.0000000e+00   1.9603353e-02   7.7290839e-01   7.5430528e-01   1.1925258e-01   1.2499406e-01   0.0000000e+00   1.1783255e-01   0.0000000e+00   1.5229503e-02   1.4980965e-02   1.3499444e-01   0.0000000e+00   1.2711316e-01
   0.0000000e+00   9.7519125e-02   0.0000000e+00   0.0000000e+00   0.0000000e+00   3.3478283e-02   0.0000000e+00   2.2692476e-02   0.0000000e+00   1.1897931e-01   3.3800188e-02   0.0000000e+00   0.0000000e+00   0.0000000e+00   8.3776968e-02   1.5654168e-01   9.2670763e-01   0.0000000e+00   1.8326279e-01   3.8383606e-02   0.0000000e+00   7.2838700e-01   7.1172853e-01   5.1664483e-01   3.9068308e-01   1.6091107e-01   0.0000000e+00   4.1349488e-02   5.8150775e-02   6.9345338e-01   0.0000000e+00   0.0000000e+00   1.5940930e-02   9.7212134e-01   7.7129573e-02   0.0000000e+00   1.2287855e-01   0.0000000e+00   4.4058836e-02   0.0000000e+00   6.4254764e-02   0.0000000e+00   9.9927329e-02   0.0000000e+00   0.0000000e+00   0.0000000e+00   0.0000000e+00   0.0000000e+00   1.0628476e-02   0.0000000e+00   0.0000000e+00   0.0000000e+00   0.0000000e+00   0.0000000e+00   6.2160256e-02   5.6816579e-02   0.0000000e+00   0.0000000e+00   0.0000000e+00   4.2084600e-02   0.0000000e+00   1.1649758e-01   6.7036866e-01   3.0437992e-02   0.0000000e+00   0.0000000e+00   1.8800878e-01   1.8910332e-01   7.4811464e-02   1.2667393e-01   1.1291093e-01   2.3384290e-02   0.0000000e+00   8.5997425e-02   1.6115689e-01   3.3014272e-02   0.0000000e+00   0.0000000e+00   5.0079454e-01   3.6626529e-02   0.0000000e+00   4.2084600e-02   0.0000000e+00   0.0000000e+00   0.0000000e+00   4.1792742e-02   0.0000000e+00   8.7801605e-02   0.0000000e+00   1.0774750e-01
   9.0101789e-01   7.4704988e-01   8.4714274e-02   6.1031004e-01   4.2317178e-02   8.5228249e-02   9.7575332e-02   0.0000000e+00   2.8142287e-01   4.0784692e-01   4.6623162e-01   2.5008103e-01   4.2747943e-02   4.2397096e-02   7.3424378e-01   1.4242128e-01   1.8958228e-01   1.8326279e-01   0.0000000e+00   8.9884509e-01   8.5076278e-01   6.4817748e-01   5.8670741e-01   8.2712308e-01   7.2029847e-01   7.5773711e-01   5.9891936e-01   9.1035153e-01   8.5410985e-01   9.0557722e-01   5.6665101e-01   1.2763976e-01   7.5842499e-01   8.7920905e-01   4.1374224e-01   6.4379756e-01   8.8934179e-01   4.6457928e-01   9.0535707e-01   2.3298039e-01   6.9178500e-01   6.7677920e-01   7.7462236e-01   9.3561449e-01   8.7848715e-01   1.4420856e-01   8.7723325e-02   6.3094590e-02   1.1839784e-01   2.3937001e-02   0.0000000e+00   7.1252807e-02   6.1758361e-02   1.9950183e-02   5.2035293e-02   1.6428604e-01   4.9453474e-02   0.0000000e+00   1.1377478e-01   3.2578457e-02   0.0000000e+00   7.7401683e-02   5.4074385e-02   4.7869476e-01   2.4222491e-01   3.7009415e-02   2.1879095e-01   1.1129272e-01   8.1048442e-02   1.8500635e-01   6.3750236e-02   0.0000000e+00   0.0000000e+00   1.3405898e-01   1.5092123e-02   3.1797382e-02   1.3329810e-02   0.0000000e+00   1.7232787e-01   5.6013383e-02   9.6338708e-02   2.1043678e-01   5.8803177e-02   2.0335034e-01   0.0000000e+00   4.3845619e-02   0.0000000e+00   2.7380197e-02   0.0000000e+00   2.6402122e-02
   1.8128784e-01   1.2546821e-01   4.2432383e-02   8.6090999e-02   0.0000000e+00   0.0000000e+00   0.0000000e+00   8.0859011e-02   0.0000000e+00   0.0000000e+00   1.2986272e-01   8.6648450e-02   0.0000000e+00   2.6445491e-02   3.2728603e-01   3.1640128e-02   5.4153211e-02   3.8383606e-02   8.9884509e-01   0.0000000e+00   8.3702740e-01   7.8595476e-01   3.3262813e-01   9.0474777e-01   2.3347995e-01   2.1192871e-01   5.0371061e-01   9.6762697e-01   1.6612921e-01   2.0303515e-01   7.2760451e-02   6.1367814e-02   1.2656515e-01   7.5766516e-01   0.0000000e+00   1.2664601e-01   1.1699843e-01   4.0600516e-02   3.4001404e-01   3.7820544e-02   2.3879970e-01   5.5138601e-01   5.1315125e-01   7.2523314e-01   7.7993553e-01   5.8828088e-02   8.4669343e-02   1.4539896e-02   6.1398586e-02   6.6417952e-03   0.0000000e+00   7.4677545e-03   9.2553163e-02   3.1369155e-02   1.3771407e-01   8.5881342e-02   3.3230756e-02   2.5386121e-02   4.6482945e-02   2.2324856e-02   5.6085480e-02   2.7312353e-02   0.0000000e+00   2.2554778e-01   2.2256089e-01   1.4122857e-02   0.0000000e+00   0.0000000e+00   0.0000000e+00   0.0000000e+00   0.0000000e+00   0.0000000e+00   0.0000000e+00   7.1278242e-02   0.0000000e+00   2.6028426e-02   0.0000000e+00   0.0000000e+00   1.5769605e-02   2.3107734e-02   6.9340471e-02   1.1318710e-01   3.7280951e-02   8.7990001e-02   0.0000000e+00   2.1142733e-03   0.0000000e+00   7.4597093e-03   9.4411345e-03   0.0000000e+00
   2.2417130e-01   1.2286423e-01   1.2795775e-01   1.2119837e-01   8.3131064e-02   1.9687715e-02   0.0000000e+00   2.1750498e-02   2.7618547e-02   7.2757775e-02   4.4404167e-01   4.2905436e-02   1.2669324e-01   3.0451162e-02   5.6158305e-01   0.0000000e+00   0.0000000e+00   0.0000000e+00   8.5076278e-01   8.3702740e-01   0.0000000e+00   8.5081645e-02   2.1089474e-01   2.5068124e-01   2.5553583e-01   3.7126068e-01   8.4843814e-02   6.1656209e-01   8.1066239e-02   2.5072922e-01   0.0000000e+00   7.3989780e-02   2.0762695e-01   1.6856586e-01   0.0000000e+00   6.0222886e-01   8.7616647e-01   4.7366623e-01   5.4383162e-01   1.5792737e-01   2.6387172e-01   7.8334936e-01   5.8834552e-01   9.5535936e-01   7.0298531e-01   0.0000000e+00   0.0000000e+00   0.0000000e+00   6.6818694e-03   0.0000000e+00   0.0000000e+00   0.0000000e+00   1.2018322e-02   0.0000000e+00   0.0000000e+00   7.5185344e-02   0.0000000e+00   0.0000000e+00   2.0322144e-02   0.0000000e+00   0.0000000e+00   1.9475961e-02   0.0000000e+00   1.0067123e-01   7.7795173e-03   3.5558996e-02   0.0000000e+00   0.0000000e+00   0.0000000e+00   0.0000000e+00   0.0000000e+00   0.0000000e+00   8.5450134e-03   0.0000000e+00   0.0000000e+00   3.3750832e-03   0.0000000e+00   0.0000000e+00   0.0000000e+00   0.0000000e+00   0.0000000e+00   3.3954637e-02   0.0000000e+00   3.8330863e-02   0.0000000e+00   0.0000000e+00   0.0000000e+00   1.8158728e-02   0.0000000e+00   0.0000000e+00
   5.1742029e-03   0.0000000e+00   2.0949550e-02   1.0223726e-02   0.0000000e+00   0.0000000e+00   0.0000000e+00   0.0000000e+00   0.0000000e+00   0.0000000e+00   0.0000000e+00   3.0078124e-02   1.9123411e-02   1.7625593e-02   4.4729145e-01   4.0721242e-02   6.5829401e-01   7.2838700e-01   6.4817748e-01   7.8595476e-01   8.5081645e-02   0.0000000e+00   9.7783778e-01   9.7633024e-01   9.2763062e-01   8.8138501e-01   8.8399583e-01   8.5935265e-01   0.0000000e+00   5.2805652e-01   3.9776295e-02   1.3528225e-02   2.2202962e-01   9.4511813e-01   0.0000000e+00   0.0000000e+00   1.6750686e-01   4.1128309e-02   3.9942489e-02   0.0000000e+00   5.1582744e-01   1.2809866e-01   7.0893725e-01   1.2989436e-01   6.8336986e-01   5.4347281e-02   2.1808296e-02   4.6401877e-02   4.7072960e-02   3.0349731e-02   7.7664973e-03   3.3056388e-02   8.6734934e-02   3.6035140e-02   6.7167729e-03   3.0630452e-02   2.2447071e-02   2.4208594e-02   7.0649062e-02   3.3378983e-02   0.0000000e+00   6.0697435e-02   5.3763936e-02   2.5812307e-01   0.0000000e+00   0.0000000e+00   7.6029090e-01   6.7590258e-01   2.9327228e-01   6.2469587e-01   2.0480959e-01   8.0781517e-02   0.0000000e+00   3.2521614e-02   1.7261344e-01   1.9782430e-02   0.0000000e+00   5.1453423e-02   4.1720760e-01   4.9278474e-02   1.0665053e-01   1.1804637e-02   0.0000000e+00   6.0643879e-02   0.0000000e+00   0.0000000e+00   0.0000000e+00   0.0000000e+00   0.0000000e+00   0.0000000e+00
   0.0000000e+00   3.2560865e-02   6.6974340e-03   1.1302016e-02   3.1898213e-03   0.0000000e+00   0.0000000e+00   0.0000000e+00   0.0000000e+00   3.9165471e-02   0.0000000e+00   3.0078124e-02   3.0036358e-02   6.9436800e-03   4.4213834e-01   7.9385776e-02   7.1089029e-01   7.1172853e-01   5.8670741e-01   3.3262813e-01   2.1089474e-01   9.7783778e-01   0.0000000e+00   9.0726035e-01   9.6448975e-01   9.1192876e-01   8.6243697e-01   7.5353605e-01   2.3746402e-02   8.2442649e-01   8.5340392e-02   2.6053761e-02   3.6241454e-01   9.6098088e-01   2.5023276e-02   0.0000000e+00   4.9632307e-01   3.9022624e-02   1.9745270e-01   7.4670834e-02   5.3650966e-01   7.9444661e-02   6.0802549e-01   1.2499206e-01   6.1899826e-01   2.5558628e-02   0.0000000e+00   3.2715254e-02   4.3724693e-02   8.3954712e-02   0.0000000e+00   5.1944476e-02   2.4602004e-02   0.0000000e+00   0.0000000e+00   3.2985206e-02   5.1891566e-03   9.1687580e-02   6.0339322e-02   1.4883192e-01   1.9915525e-02   1.0824951e-01   2.7190909e-01   6.3649024e-02   0.0000000e+00   0.0000000e+00   6.4661015e-01   8.1946581e-01   1.5487805e-01   8.3886344e-01   5.5899982e-01   1.1534228e-01   8.2047346e-02   0.0000000e+00   4.6700398e-01   5.2895804e-02   2.8899607e-02   3.7588877e-02   6.4012510e-01   1.8959866e-02   6.8879624e-02   8.8731958e-02   0.0000000e+00   8.7518093e-02   0.0000000e+00   4.1324227e-02   0.0000000e+00   2.8481688e-02   0.0000000e+00   0.0000000e+00
   4.9255860e-01   4.7631193e-01   0.0000000e+00   3.7930850e-01   1.5345826e-02   4.3215073e-02   1.2692593e-01   4.1767611e-02   8.1915969e-02   3.6962900e-01   2.7016202e-01   2.5239798e-01   6.2652454e-02   4.3555867e-02   5.2665314e-01   1.0379884e-01   5.4349777e-01   5.1664483e-01   8.2712308e-01   9.0474777e-01   2.5068124e-01   9.7633024e-01   9.0726035e-01   0.0000000e+00   8.7808078e-01   8.6564568e-01   9.6037785e-01   9.6199173e-01   3.9415963e-01   5.9116804e-01   2.4647178e-01   2.3251897e-02   2.5160105e-01   9.2658890e-01   2.9563275e-01   3.8309492e-01   3.7002260e-01   1.0357855e-01   4.8473189e-01   0.0000000e+00   7.5408367e-01   3.7417440e-01   8.8185333e-01   4.6013242e-01   8.8775829e-01   1.2081635e-01   6.4508353e-02   5.0264103e-02   3.1655049e-02   1.1652700e-01   3.0372883e-02   5.9168835e-02   1.1282294e-01   3.6035140e-02   9.4286428e-02   1.7339818e-01   8.6822043e-02   6.2898039e-02   7.9030913e-02   9.4695727e-02   2.6855866e-02   1.7566076e-01   4.6509460e-02   1.6328588e-01   5.2575568e-02   4.3759735e-02   4.7790989e-01   3.2285364e-01   2.8530669e-01   1.6433531e-01   1.0897066e-01   4.1825374e-02   1.9407945e-02   1.2904622e-01   1.5092123e-02   2.6722749e-02   2.0940514e-02   4.4256037e-03   2.5133538e-01   9.2543974e-02   9.6649946e-02   1.4526199e-02   0.0000000e+00   9.8886179e-02   0.0000000e+00   4.7874493e-03   0.0000000e+00   0.0000000e+00   0.0000000e+00   1.3568549e-02
   1.1402657e-01   1.0438798e-02   5.5263621e-03   0.0000000e+00   0.0000000e+00   0.0000000e+00   0.0000000e+00   0.0000000e+00   7.8133836e-02   0.0000000e+00   0.0000000e+00   0.0000000e+00   3.2952677e-02   0.0000000e+00   5.0892308e-01   3.7527416e-02   2.2239853e-01   3.9068308e-01   7.2029847e-01   2.3347995e-01   2.5553583e-01   9.2763062e-01   9.6448975e-01   8.7808078e-01   0.0000000e+00   9.7241248e-01   8.9586934e-01   7.4712432e-01   1.2750862e-01   9.2215407e-01   5.2975697e-01   1.6693304e-02   9.3288053e-01   9.1657950e-01   0.0000000e+00   0.0000000e+00   6.7307805e-01   1.2448998e-01   2.5489646e-01   1.6243002e-01   4.1968109e-01   7.9439282e-02   8.5392846e-01   8.4210617e-02   7.2004502e-01   1.0815156e-02   0.0000000e+00   8.9893015e-03   3.7848111e-02   4.3726703e-02   2.7252180e-02   3.5407323e-03   7.8295566e-02   0.0000000e+00   0.0000000e+00   0.0000000e+00   0.0000000e+00   1.8924617e-02   8.0015250e-02   3.9786309e-02   2.8673567e-02   4.6443767e-02   5.0109388e-02   6.9870946e-02   0.0000000e+00   0.0000000e+00   6.5314538e-01   6.9379714e-01   2.0516541e-01   6.3265900e-01   3.7719661e-01   1.2338926e-01   0.0000000e+00   0.0000000e+00   1.2410787e-01   0.0000000e+00   0.0000000e+00   0.0000000e+00   5.1093247e-01   2.2275635e-02   6.7387076e-02   6.3650871e-02   0.0000000e+00   7.1098955e-02   0.0000000e+00   4.1654258e-02   0.0000000e+00   4.1521878e-02   0.0000000e+00   0.0000000e+00
   1.9126865e-01   0.0000000e+00   0.0000000e+00   7.8542763e-02   0.0000000e+00   4.2058405e-02   4.1496416e-02   0.0000000e+00   1.6823915e-01   2.5394550e-02   0.0000000e+00   2.1564987e-03   7.7939374e-02   1.9988327e-02   7.9266471e-01   1.0726191e-01   5.1476745e-02   1.6091107e-01   7.5773711e-01   2.1192871e-01   3.7126068e-01   8.8138501e-01   9.1192876e-01   8.6564568e-01   9.7241248e-01   0.0000000e+00   9.5838788e-01   8.6692097e-01   2.5568817e-01   9.0145711e-01   6.2747551e-01   1.5995600e-01   9.6920193e-01   8.0427260e-01   0.0000000e+00   4.0560407e-02   7.8196457e-01   1.2912218e-01   3.4308321e-01   3.6698397e-01   8.2895963e-01   3.6602469e-01   9.7014808e-01   4.5543207e-01   9.1861092e-01   5.3615394e-02   0.0000000e+00   4.9554945e-02   1.5751759e-02   5.2340083e-02   0.0000000e+00   9.5891882e-03   5.6456235e-02   1.2197734e-02   0.0000000e+00   0.0000000e+00   1.6065247e-02   3.4301274e-02   5.9978818e-02   6.2826199e-02   1.0158040e-02   5.2249088e-02   4.1146097e-02   4.1682416e-02   0.0000000e+00   0.0000000e+00   2.8298358e-01   4.3733418e-01   6.8045883e-02   3.6585660e-01   8.6579862e-02   4.1233602e-02   0.0000000e+00   1.1389757e-03   1.0279877e-01   0.0000000e+00   2.0782952e-02   0.0000000e+00   2.2596909e-01   3.0407341e-02   1.3784400e-01   2.1749019e-02   0.0000000e+00   4.4357089e-02   0.0000000e+00   4.1412234e-02   0.0000000e+00   4.2873519e-02   0.0000000e+00   0.0000000e+00
   5.9219112e-02   0.0000000e+00   0.0000000e+00   0.0000000e+00   0.0000000e+00   0.0000000e+00   0.0000000e+00   0.0000000e+00   1.9804324e-02   0.0000000e+00   0.0000000e+00   1.3488247e-03   3.8557341e-02   1.3329925e-02   3.8189128e-01   4.2220490e-02   0.0000000e+00   0.0000000e+00   5.9891936e-01   5.0371061e-01   8.4843814e-02   8.8399583e-01   8.6243697e-01   9.6037785e-01   8.9586934e-01   9.5838788e-01   0.0000000e+00   9.6770570e-01   2.8980364e-02   3.4618494e-02   3.9989503e-02   4.1684250e-02   1.9923081e-01   1.2810016e-01   4.8919191e-02   0.0000000e+00   8.4937905e-02   0.0000000e+00   0.0000000e+00   0.0000000e+00   5.3377053e-01   2.6050921e-01   8.9936546e-01   5.1695308e-01   9.6170164e-01   6.5530053e-02   8.7722923e-03   3.8088510e-02   4.8315558e-02   1.0198877e-01   3.4249990e-02   0.0000000e+00   5.1005693e-02   0.0000000e+00   1.1705581e-02   0.0000000e+00   4.9115947e-02   4.0097309e-02   5.7795656e-02   3.9033829e-02   4.5084116e-02   5.6602268e-02   1.9696412e-02   0.0000000e+00   0.0000000e+00   0.0000000e+00   1.5789538e-01   2.0432475e-01   2.4449962e-02   1.6626666e-01   8.7577150e-02   8.5825367e-02   0.0000000e+00   4.2707285e-02   4.8573303e-02   1.0550510e-02   3.4212473e-02   0.0000000e+00   8.3397320e-02   1.7550927e-02   1.0917915e-01   3.3826602e-02   0.0000000e+00   1.5553144e-02   0.0000000e+00   0.0000000e+00   0.0000000e+00   0.0000000e+00   0.0000000e+00   3.9916294e-02
