   0.0000000e+00   5.6730717e-01   1.6596425e-01   4.2015874e-02   3.2104824e-01   1.5642276e-01   3.5351300e-01   3.2055653e-01   1.4605351e-01   3.5544685e-01   3.9887587e-01   2.9752516e-01   1.4314328e-01   2.7539555e-01   2.3126685e-01   2.7857219e-01   3.7315113e-01   4.4162903e-01   1.8671190e-01   1.3880414e-01   3.6886383e-01   2.3966316e-01   2.9779880e-01   1.8166914e-01   2.8678910e-01   3.4898343e-01   1.8036365e-01   2.4719084e-01   4.2419804e-01   5.1847432e-01   4.0680380e-02   1.2266352e-01   1.6106816e-02   2.5758011e-01   5.9199096e-01   5.3201185e-01   3.5531092e-01   3.2066852e-02   1.5535637e-01   2.3328565e-01   3.7879058e-01   3.0787100e-01   1.2937037e-01   3.3616808e-01   3.3797132e-01   3.2367668e-01   1.1426436e-01   2.9699934e-01   2.7288665e-01   3.0185673e-01   3.1826040e-01   3.8189381e-01   1.4440011e-01   6.6111277e-02   3.4585848e-01   2.5158195e-01   3.2058433e-01   1.8382763e-01   4.8080067e-02   3.4958464e-01   1.3015218e-01   2.4028550e-01   4.2496517e-01   4.5539678e-01
   5.6730717e-01   0.0000000e+00   1.9577013e-01   4.8762620e-02   2.6811517e-01   1.5092122e-01   3.5555636e-01   2.7690264e-01   1.5834961e-01   3.7298689e-01   3.2628236e-01   2.9888772e-01   5.8513268e-02   3.3558269e-01   2.5567389e-01   3.4050376e-01   4.0214151e-01   3.1522368e-01   1.8668107e-01   1.1822944e-01   3.6581984e-01   2.5794392e-01   3.8113848e-01   2.1361507e-01   2.0911236e-01   2.8224416e-01   1.3488920e-01   2.4515287e-01   2.7180440e-01   5.0202472e-01   6.4325897e-02   9.1460280e-02   5.5861443e-02   2.6971606e-01   4.3416145e-01   6.0429140e-01   3.5956250e-01   3.7799278e-02   1.8075735e-01   1.9979915e-01   3.5138584e-01   2.8420645e-01   1.3095750e-01   3.5574177e-01   3.0495288e-01   3.5632063e-01   4.8612606e-02   3.1116549e-01   3.1969323e-01   3.3181082e-01   3.4527664e-01   2.9690509e-01   1.7283084e-01   6.7021952e-02   3.5706778e-01   2.8826608e-01   3.6776723e-01   1.9775781e-01   6.4603952e-02   3.6664844e-01   7.2751050e-02   2.6302678e-01   3.2653408e-01   4.0361289e-01
   1.6596425e-01   1.9577013e-01   0.0000000e+00   6.8000119e-01   2.1172784e-01   2.4184670e-01   2.2108526e-01   3.2184628e-01   2.0583648e-01   2.5739322e-01   3.1603470e-01   2.3670898e-01   4.1000183e-01   2.1016407e-01   2.3857071e-01   3.4037512e-01   3.0860398e-01   2.4504670e-01   3.0547241e-01   3.1342038e-01   2.5435116e-01   3.4187913e-01   3.8659219e-01   2.8817885e-01   2.7899793e-01   1.4491822e-01   2.6607264e-01   2.4412169e-01   1.8229185e-01   1.1670891e-01   3.5105109e-01   2.1164962e-01   4.1478733e-01   4.0583070e-01   1.4015123e-01   1.7344039e-01   3.2812304e-01   4.8517196e-01   2.8345597e-01   2.2875637e-01   2.1096295e-01   3.4123760e-01   1.9190980e-01   2.8271530e-01   2.6220650e-01   2.4939097e-01   3.8559330e-01   2.3960255e-01   2.8771054e-01   3.2917467e-01   2.9188436e-01   1.2829711e-01   3.0793807e-01   3.9928350e-01   2.7686633e-01   3.0331934e-01   3.2084950e-01   2.8283845e-01   3.7415942e-01   2.8715725e-01   2.3852052e-01   2.9012423e-01   1.2520696e-01   5.5904227e-02
   4.2015874e-02   4.8762620e-02   6.8000119e-01   0.0000000e+00   1.8394315e-01   2.2202160e-01   6.8295666e-02   2.8678926e-01   1.6482820e-01   1.7672474e-01   1.7346582e-01   1.5756534e-01   5.7522585e-01   1.0382464e-01   1.3128314e-01   2.6119006e-01   2.3390251e-01   2.1894766e-01   2.2221232e-01   3.6973842e-01   8.3841152e-02   2.7868043e-01   3.0179349e-01   1.8321628e-01   3.0065091e-01   4.4553026e-02   3.7779087e-01   8.1625395e-02   1.7268889e-01  -3.4728547e-02   4.1948772e-01   2.6016377e-01   5.5606149e-01   3.2700371e-01  -1.1436204e-02   2.7498453e-02   1.2303599e-01   5.8790167e-01   2.5648679e-01   1.6307392e-01   5.7002819e-02   3.0792012e-01   1.3596081e-01   2.2532273e-01   1.1728765e-01   1.7320831e-01   4.6759010e-01   1.5542231e-01   1.9795399e-01   2.1975308e-01   2.2586145e-01   4.3737328e-02   2.5487464e-01   4.7505106e-01   1.4961577e-01   2.5152130e-01   2.3202854e-01   1.7330836e-01   4.2341595e-01   1.6654205e-01   2.6674949e-01   1.5228792e-01   4.6051444e-02  -7.0453780e-02
   3.2104824e-01   2.6811517e-01   2.1172784e-01   1.8394315e-01   0.0000000e+00   2.4448201e-01   2.4635283e-01   3.2674425e-01   2.0354708e-01   3.7203758e-01   2.5094910e-01   2.5806338e-01   2.5728842e-01   2.7709835e-01   2.2359470e-01   2.6196792e-01   3.6970107e-01   3.2041080e-01   2.3640549e-01   1.8538303e-01   3.1802429e-01   4.4162297e-01   3.6547493e-01   2.6486337e-01   3.5151391e-01   2.1071808e-01   2.7711483e-01   2.4455766e-01   3.8040651e-01   3.8573877e-01   1.9813392e-01   2.1794872e-01   1.6057156e-01   3.4453402e-01   2.7061455e-01   2.7765603e-01   2.7389405e-01   1.6601471e-01   5.4149223e-01   2.9166217e-01   2.2906011e-01   3.5291540e-01   1.6005950e-01   3.5918175e-01   2.1535548e-01   2.9898959e-01   1.8785828e-01   3.0952169e-01   2.8149158e-01   2.8241151e-01   3.7072897e-01   3.2684089e-01   2.2403225e-01   1.4998101e-01   3.1431483e-01   4.2100071e-01   3.7677433e-01   2.6391602e-01   9.9717293e-02   3.0942957e-01   1.1644534e-01   3.0207021e-01   2.4646931e-01   3.4412862e-01
   1.5642276e-01   1.5092122e-01   2.4184670e-01   2.2202160e-01   2.4448201e-01   0.0000000e+00   1.1541166e-01   1.8122694e-01   2.6565797e-01   2.2123429e-01   1.2592177e-01   1.5189712e-01   1.2042788e-01   2.0675082e-01   2.0862716e-01   2.2254626e-01   2.3428704e-01   1.5496790e-01   3.3225732e-01   1.9695721e-01   1.9350874e-01   3.5621810e-01   2.7128919e-01   2.5371012e-01   1.7184710e-01   1.3117322e-01   1.3311020e-01   1.7448042e-01   6.0728464e-02   1.3267564e-01   2.2019744e-01   1.2815167e-01   3.0165596e-01   2.0600475e-01   1.4982907e-01   1.7681889e-01   2.6142918e-01   1.6306578e-01   2.3062020e-01   5.1564300e-01   1.0756445e-01   1.9817577e-01   2.7233514e-01   2.7020785e-01   1.1232373e-01   1.8048089e-01   1.4620450e-01   2.2193291e-01   2.6786378e-01   2.1623357e-01   2.6993866e-01   1.1667434e-01   3.5911691e-01   2.2635159e-01   1.6111174e-01   3.4211442e-01   2.4974320e-01   2.3360080e-01   1.7744885e-01   1.9488149e-01   1.3540125e-01   2.4182777e-01   8.7628587e-02   1.4724896e-01
   3.5351300e-01   3.5555636e-01   2.2108526e-01   6.8295666e-02   2.4635283e-01   1.1541166e-01   0.0000000e+00   4.2805388e-01   1.8914000e-01   3.3651524e-01   5.0726275e-01   3.1328817e-01   1.1613786e-01   3.0045804e-01   2.7433826e-01   3.3799613e-01   3.3058819e-01   2.8603171e-01   2.8099062e-01   2.2713851e-01   4.4651044e-01   2.4310513e-01   4.0574503e-01   2.4819427e-01   2.4061886e-01   2.6446684e-01   1.8974563e-01   3.8939923e-01   2.9526152e-01   3.2906688e-01   1.1944638e-01   1.3287694e-01   1.2389179e-01   3.9295801e-01   3.3719683e-01   3.8388825e-01   4.2200715e-01   1.0244511e-01   1.5192511e-01   2.0503846e-01   4.8258255e-01   4.1175986e-01   1.7915130e-01   2.6643173e-01   5.0891434e-01   3.2928846e-01   1.5245808e-01   3.0547029e-01   3.2884188e-01   3.6891356e-01   2.4597773e-01   2.7836837e-01   2.3572057e-01   1.6420573e-01   4.4254523e-01   2.3098974e-01   3.7477355e-01   2.7936533e-01   1.2273214e-01   3.6064471e-01   1.3264285e-01   3.9981905e-01   3.6659461e-01   2.7862007e-01
   3.2055653e-01   2.7690264e-01   3.2184628e-01   2.8678926e-01   3.2674425e-01   1.8122694e-01   4.2805388e-01   0.0000000e+00   2.1442170e-01   3.9090587e-01   4.3892211e-01   2.6570501e-01   2.7724847e-01   2.8114675e-01   2.2961288e-01   3.1108217e-01   4.1722238e-01   3.5912586e-01   3.6801150e-01   5.0938283e-01   4.8523702e-01   3.5703833e-01   4.3276472e-01   2.2827709e-01   3.6882337e-01   2.3737864e-01   3.2994210e-01   3.1951647e-01   4.3586121e-01   4.2754537e-01   1.9318320e-01   1.7299111e-01   2.6846426e-01   5.0090926e-01   3.1303545e-01   3.1409987e-01   3.5671172e-01   1.8935801e-01   1.5247531e-01   2.5494340e-01   4.0583472e-01   7.2629858e-01   1.7090888e-01   3.4459718e-01   4.0654591e-01   3.1582984e-01   1.9091368e-01   2.8026335e-01   2.9704882e-01   3.5975668e-01   3.5477068e-01   3.9689909e-01   3.7951099e-01   4.1386222e-01   6.0172032e-01   2.9093356e-01   3.9077020e-01   2.3464158e-01   9.5159220e-02   3.1026671e-01   1.8768211e-01   3.4952335e-01   3.6010600e-01   4.0125699e-01
   1.4605351e-01   1.5834961e-01   2.0583648e-01   1.6482820e-01   2.0354708e-01   2.6565797e-01   1.8914000e-01   2.1442170e-01   0.0000000e+00   2.0703612e-01   2.0399913e-01   1.9023127e-01   1.2734890e-01   2.2384676e-01   2.0175498e-01   2.4362732e-01   2.2723765e-01   1.3421896e-01   2.3810015e-01   1.7949985e-01   2.3807014e-01   2.3449402e-01   2.5428531e-01   1.8827345e-01   1.8850089e-01   1.3090035e-01   1.6885424e-01   1.5973954e-01   1.3096924e-01   1.5348025e-01   1.9433229e-01   1.2908298e-01   1.7517525e-01   2.1069222e-01   1.3675159e-01   1.5662302e-01   2.3574939e-01   1.3663730e-01   1.6532591e-01   2.8696789e-01   1.7133104e-01   2.3180315e-01   4.4536657e-01   2.0896824e-01   1.6483796e-01   2.0824998e-01   1.4481952e-01   2.5667884e-01   2.4668525e-01   2.7607452e-01   1.7456958e-01   1.5778008e-01   2.3002053e-01   1.8107004e-01   2.3223386e-01   2.1591057e-01   2.2484027e-01   1.7443039e-01   1.4073972e-01   2.1128823e-01   1.5654952e-01   1.4832106e-01   1.4400115e-01   1.4426594e-01
   3.5544685e-01   3.7298689e-01   2.5739322e-01   1.7672474e-01   3.7203758e-01   2.2123429e-01   3.3651524e-01   3.9090587e-01   2.0703612e-01   0.0000000e+00   3.1907349e-01   3.9110690e-01   2.0573982e-01   3.5005414e-01   3.5288709e-01   3.3848524e-01   6.5094734e-01   2.6950766e-01   2.9586922e-01   2.3527600e-01   3.7768518e-01   4.6891106e-01   4.3045905e-01   2.8360161e-01   2.3879688e-01   3.0535763e-01   1.9708732e-01   2.9035782e-01   2.8941972e-01   3.7947560e-01   1.6934749e-01   9.9482918e-02   2.0571961e-01   3.7068560e-01   3.3873008e-01   3.8886255e-01   3.3902917e-01   1.7261207e-01   2.7244054e-01   2.9059976e-01   2.7683454e-01   4.1066459e-01   1.9190386e-01   6.3415380e-01   2.9081297e-01   4.3429780e-01   1.5896546e-01   3.4397317e-01   3.7898512e-01   3.6169452e-01   5.5182240e-01   2.7446938e-01   2.6355153e-01   2.1248710e-01   3.5318874e-01   4.3637995e-01   4.4244497e-01   2.9332348e-01   1.2342131e-01   3.7608737e-01   1.3275112e-01   3.1393990e-01   2.5581534e-01   3.6516921e-01
   3.9887587e-01   3.2628236e-01   3.1603470e-01   1.7346582e-01   2.5094910e-01   1.2592177e-01   5.0726275e-01   4.3892211e-01   2.0399913e-01   3.1907349e-01   0.0000000e+00   2.9430546e-01   2.5216587e-01   3.0907827e-01   2.3939889e-01   3.5829279e-01   3.4893812e-01   5.1303668e-01   3.4986146e-01   2.6034660e-01   4.0378988e-01   2.5123173e-01   3.9248659e-01   2.7155143e-01   3.3069093e-01   2.6431228e-01   3.3901389e-01   3.4442231e-01   5.4129211e-01   3.0868648e-01   6.3910096e-02   1.0257620e-01   1.0096651e-01   3.8279350e-01   4.2079510e-01   3.8921442e-01   5.2370722e-01   1.0957995e-01   1.1185708e-01   2.0043602e-01   5.0922498e-01   4.0808034e-01   1.7865090e-01   2.9241492e-01   6.4564626e-01   3.2096771e-01   2.5227543e-01   2.9726059e-01   2.9335985e-01   3.5221707e-01   2.8530014e-01   3.6634557e-01   2.9503281e-01   1.7486118e-01   4.4628882e-01   2.3066020e-01   3.5352665e-01   2.7228354e-01   1.9717920e-01   3.4679238e-01   2.5386476e-01   3.6828827e-01   5.3368538e-01   2.7365245e-01
   2.9752516e-01   2.9888772e-01   2.3670898e-01   1.5756534e-01   2.5806338e-01   1.5189712e-01   3.1328817e-01   2.6570501e-01   1.9023127e-01   3.9110690e-01   2.9430546e-01   0.0000000e+00   1.3346956e-01   4.3088112e-01   4.0103994e-01   5.0299725e-01   3.5931633e-01   2.1350342e-01   2.2632642e-01   1.6293894e-01   3.7173522e-01   2.9874906e-01   3.1625531e-01   2.3737957e-01   2.2609189e-01   2.9584165e-01   1.6067702e-01   2.2505568e-01   2.0481771e-01   2.3684865e-01   2.0750121e-01   1.4498334e-01   2.0487741e-01   3.0321219e-01   2.5191908e-01   2.8950688e-01   3.0512727e-01   2.1195139e-01   2.1561025e-01   2.6616461e-01   2.3823463e-01   3.0316706e-01   1.6229949e-01   3.3312698e-01   2.7642656e-01   6.7105582e-01   1.8080324e-01   3.9701217e-01   4.5099138e-01   4.8874851e-01   3.1658082e-01   2.2274706e-01   2.0030089e-01   1.8732561e-01   3.4724520e-01   3.0146403e-01   2.9677144e-01   2.5438957e-01   2.1626027e-01   4.2121044e-01   1.8659189e-01   2.6585305e-01   2.3081025e-01   2.1543557e-01
   1.4314328e-01   5.8513268e-02   4.1000183e-01   5.7522585e-01   2.5728842e-01   1.2042788e-01   1.1613786e-01   2.7724847e-01   1.2734890e-01   2.0573982e-01   2.5216587e-01   1.3346956e-01   0.0000000e+00   1.4658679e-01   1.6333827e-01   2.2914814e-01   2.4701303e-01   3.6336690e-01   9.8129479e-02   2.0944702e-01   9.9439304e-02   1.9317390e-01   1.4763461e-01   1.4831413e-01   4.1143401e-01   1.1499620e-01   4.7093670e-01   8.2059452e-02   4.4976033e-01   3.9671163e-02   2.2547610e-01   2.5243188e-01   3.1165424e-01   2.7455956e-01   9.3039678e-02   6.2236633e-02   8.5854815e-02   5.0057651e-01   1.9003238e-01   1.2107454e-01   9.7286862e-02   2.7436140e-01   1.2754832e-01   1.9672643e-01   1.3751920e-01   1.4784889e-01   5.8345652e-01   1.5191916e-01   1.5162911e-01   2.0822904e-01   1.8934276e-01   1.7598881e-01   1.1483385e-01   2.5778202e-01   1.0167159e-01   1.9185304e-01   1.2982378e-01   1.6929669e-01   3.9677509e-01   1.7323232e-01   3.0707452e-01   1.0637165e-01   1.9636694e-01   2.9600049e-02
   2.7539555e-01   3.3558269e-01   2.1016407e-01   1.0382464e-01   2.7709835e-01   2.0675082e-01   3.0045804e-01   2.8114675e-01   2.2384676e-01   3.5005414e-01   3.0907827e-01   4.3088112e-01   1.4658679e-01   0.0000000e+00   3.8415287e-01   5.2889038e-01   3.3679992e-01   2.1992957e-01   2.3587262e-01   1.6264132e-01   4.2829864e-01   3.1023269e-01   3.0032159e-01   2.4282516e-01   2.0811115e-01   2.3825531e-01   1.6265366e-01   1.9508263e-01   2.3677052e-01   2.4825223e-01   1.6172509e-01   1.7571305e-01   1.8288270e-01   2.6673866e-01   2.4705465e-01   3.1599832e-01   3.0718563e-01   1.1663171e-01   1.9653896e-01   2.5762192e-01   2.6057180e-01   3.0982696e-01   2.0061622e-01   3.0967048e-01   2.4801764e-01   4.4118558e-01   1.6602926e-01   6.2171614e-01   4.5989278e-01   5.3098303e-01   3.0067944e-01   2.3271784e-01   2.2897067e-01   1.5135188e-01   3.6085097e-01   2.9208004e-01   2.9909432e-01   2.4877768e-01   1.7368273e-01   3.8293207e-01   1.5376552e-01   2.3106296e-01   2.2616634e-01   2.0925046e-01
   2.3126685e-01   2.5567389e-01   2.3857071e-01   1.3128314e-01   2.2359470e-01   2.0862716e-01   2.7433826e-01   2.2961288e-01   2.0175498e-01   3.5288709e-01   2.3939889e-01   4.0103994e-01   1.6333827e-01   3.8415287e-01   0.0000000e+00   4.9231233e-01   3.3388912e-01   1.6796941e-01   2.0567335e-01   1.6559208e-01   3.6702478e-01   3.2744393e-01   3.3505485e-01   2.7921361e-01   2.6215046e-01   3.3552397e-01   2.3383434e-01   2.2669940e-01   1.7753257e-01   2.0245026e-01   2.1187492e-01   1.7485551e-01   2.3279019e-01   2.8823492e-01   2.0271871e-01   2.4041503e-01   3.1576684e-01   1.8159109e-01   2.3667501e-01   2.4276864e-01   1.9947209e-01   2.9489200e-01   1.8200478e-01   2.9402429e-01   2.4251344e-01   4.2766140e-01   2.0610186e-01   4.1400646e-01   6.0936098e-01   4.7083590e-01   3.0156925e-01   1.6246671e-01   1.7870064e-01   1.8795596e-01   2.6819154e-01   2.9106760e-01   2.9493814e-01   2.8776621e-01   2.5182015e-01   4.2049733e-01   2.8764623e-01   2.7556247e-01   1.9875083e-01   1.2957111e-01
   2.7857219e-01   3.4050376e-01   3.4037512e-01   2.6119006e-01   2.6196792e-01   2.2254626e-01   3.3799613e-01   3.1108217e-01   2.4362732e-01   3.3848524e-01   3.5829279e-01   5.0299725e-01   2.2914814e-01   5.2889038e-01   4.9231233e-01   0.0000000e+00   3.5191240e-01   2.4477345e-01   2.5719315e-01   2.1152246e-01   4.7167738e-01   3.2462595e-01   3.6951854e-01   2.9155395e-01   2.7423621e-01   2.5647054e-01   2.6113316e-01   2.4810035e-01   2.3662985e-01   2.0289770e-01   2.7733634e-01   2.3975699e-01   3.1093190e-01   3.5803264e-01   2.5576499e-01   2.9578356e-01   3.8612537e-01   2.7329658e-01   2.7781465e-01   2.3255617e-01   2.8170225e-01   4.0339547e-01   2.0723947e-01   3.2703118e-01   3.4022025e-01   5.3066059e-01   2.8130617e-01   5.0117078e-01   5.4970815e-01   6.9107013e-01   3.1927541e-01   2.4383192e-01   2.7444672e-01   2.4177924e-01   4.1799618e-01   3.1095665e-01   3.5811257e-01   3.0178200e-01   2.6536513e-01   4.3024752e-01   2.7661642e-01   3.1162513e-01   2.6190510e-01   1.6376129e-01
   3.7315113e-01   4.0214151e-01   3.0860398e-01   2.3390251e-01   3.6970107e-01   2.3428704e-01   3.3058819e-01   4.1722238e-01   2.2723765e-01   6.5094734e-01   3.4893812e-01   3.5931633e-01   2.4701303e-01   3.3679992e-01   3.3388912e-01   3.5191240e-01   0.0000000e+00   3.4242266e-01   3.0031794e-01   2.4479802e-01   3.7596730e-01   5.0948457e-01   4.5170677e-01   3.1329028e-01   2.4535999e-01   3.0486410e-01   2.1244696e-01   3.3017370e-01   3.3924162e-01   3.9570465e-01   1.6368857e-01   1.2547222e-01   2.2758835e-01   4.0427083e-01   3.1853411e-01   3.6538984e-01   3.4676227e-01   2.0886635e-01   2.6617341e-01   2.8683520e-01   2.9662354e-01   3.9907246e-01   2.1132176e-01   5.8470637e-01   3.4343613e-01   4.0407540e-01   2.1325219e-01   3.5426780e-01   3.7286546e-01   3.7258731e-01   6.0219960e-01   2.8786839e-01   2.8370661e-01   2.3798396e-01   3.4783371e-01   4.4840181e-01   4.2369869e-01   3.0495481e-01   1.5321654e-01   3.8524916e-01   1.6583977e-01   3.4330840e-01   2.7563418e-01   3.3412929e-01
   4.4162903e-01   3.1522368e-01   2.4504670e-01   2.1894766e-01   3.2041080e-01   1.5496790e-01   2.8603171e-01   3.5912586e-01   1.3421896e-01   2.6950766e-01   5.1303668e-01   2.1350342e-01   3.6336690e-01   2.1992957e-01   1.6796941e-01   2.4477345e-01   3.4242266e-01   0.0000000e+00   2.2733312e-01   2.5396792e-01   2.6773223e-01   2.5402449e-01   2.7029806e-01   1.8532717e-01   3.6067063e-01   1.8126098e-01   3.6652107e-01   1.4980400e-01   6.2342678e-01   3.6036724e-01   1.6226655e-02   1.4013271e-01   4.8013641e-02   2.5907306e-01   4.3749520e-01   3.2752509e-01   3.2734491e-01   1.1572976e-01   1.1366836e-01   2.0199035e-01   3.9288023e-01   3.3298446e-01   1.2646032e-01   2.6419506e-01   3.9576404e-01   2.4043410e-01   3.1506308e-01   2.2506118e-01   2.1676677e-01   2.5039799e-01   2.6139319e-01   4.8332202e-01   2.1170868e-01   1.6175374e-01   3.0145670e-01   2.0949547e-01   2.7233143e-01   1.9253213e-01   1.8079925e-01   2.1457942e-01   2.3236550e-01   1.9529102e-01   5.1764073e-01   3.7060060e-01
   1.8671190e-01   1.8668107e-01   3.0547241e-01   2.2221232e-01   2.3640549e-01   3.3225732e-01   2.8099062e-01   3.6801150e-01   2.3810015e-01   2.9586922e-01   3.4986146e-01   2.2632642e-01   9.8129479e-02   2.3587262e-01   2.0567335e-01   2.5719315e-01   3.0031794e-01   2.2733312e-01   0.0000000e+00   3.8767058e-01   3.2425048e-01   3.5270120e-01   3.7766514e-01   2.6110934e-01   2.3033984e-01   2.2258182e-01   2.2765091e-01   4.1396492e-01   1.7270006e-01   2.4520848e-01   1.6377439e-01   4.6485433e-02   2.2889940e-01   3.7571343e-01   2.4268584e-01   2.4614377e-01   4.5420249e-01   1.2210410e-01   1.7589857e-01   3.3752230e-01   3.0524664e-01   3.5627836e-01   2.0781579e-01   3.0532164e-01   3.5447555e-01   2.3422834e-01   1.2375671e-01   2.1540151e-01   2.6229084e-01   2.7688463e-01   2.4884933e-01   1.9676870e-01   6.9025393e-01   2.9697147e-01   3.7906186e-01   2.8883199e-01   3.3666902e-01   2.6833313e-01   1.1914700e-01   2.5551648e-01   1.8844538e-01   4.2299448e-01   2.1450048e-01   1.9994981e-01
   1.3880414e-01   1.1822944e-01   3.1342038e-01   3.6973842e-01   1.8538303e-01   1.9695721e-01   2.2713851e-01   5.0938283e-01   1.7949985e-01   2.3527600e-01   2.6034660e-01   1.6293894e-01   2.0944702e-01   1.6264132e-01   1.6559208e-01   2.1152246e-01   2.4479802e-01   2.5396792e-01   3.8767058e-01   0.0000000e+00   2.9273247e-01   2.6680567e-01   3.6018482e-01   1.2903815e-01   2.2599282e-01   1.0838293e-01   2.8159411e-01   1.6212584e-01   2.2754873e-01   1.8874777e-01   1.8472161e-01   1.0643246e-01   3.3636483e-01   4.2199342e-01   1.3816339e-01   1.5111818e-01   2.5426703e-01   2.1239274e-01   1.0625926e-01   2.1769568e-01   2.5228700e-01   4.6748175e-01   1.5270621e-01   2.3029957e-01   2.5358266e-01   1.9097275e-01   1.7769560e-01   1.6833202e-01   2.0183219e-01   2.3645163e-01   2.2737901e-01   2.2736196e-01   4.1114293e-01   6.9482206e-01   4.1460549e-01   2.0236444e-01   3.3006531e-01   1.4242876e-01   1.2834464e-01   1.5090305e-01   1.9728019e-01   2.2120402e-01   2.1576788e-01   2.0326582e-01
   3.6886383e-01   3.6581984e-01   2.5435116e-01   8.3841152e-02   3.1802429e-01   1.9350874e-01   4.4651044e-01   4.8523702e-01   2.3807014e-01   3.7768518e-01   4.0378988e-01   3.7173522e-01   9.9439304e-02   4.2829864e-01   3.6702478e-01   4.7167738e-01   3.7596730e-01   2.6773223e-01   3.2425048e-01   2.9273247e-01   0.0000000e+00   3.1287049e-01   3.9793205e-01   2.6421736e-01   2.5230160e-01   2.4671347e-01   1.8807208e-01   3.3745648e-01   3.1169028e-01   4.7895988e-01   1.0582584e-01   1.5546844e-01   1.0140473e-01   4.1393949e-01   3.4648986e-01   4.0208987e-01   4.5859545e-01   6.4463814e-02   1.6760544e-01   2.7042270e-01   3.6112169e-01   4.7235658e-01   2.2067020e-01   2.9879136e-01   3.4898510e-01   4.1811077e-01   7.8841563e-02   4.6223093e-01   4.0929706e-01   5.3224757e-01   3.1346725e-01   3.5040008e-01   3.0480137e-01   1.9138191e-01   6.9978391e-01   2.7476608e-01   4.1339326e-01   2.6942317e-01   8.6901695e-02   3.6094908e-01   1.3740401e-01   3.4586332e-01   3.2020755e-01   4.2842291e-01
   2.3966316e-01   2.5794392e-01   3.4187913e-01   2.7868043e-01   4.4162297e-01   3.5621810e-01   2.4310513e-01   3.5703833e-01   2.3449402e-01   4.6891106e-01   2.5123173e-01   2.9874906e-01   1.9317390e-01   3.1023269e-01   3.2744393e-01   3.2462595e-01   5.0948457e-01   2.5402449e-01   3.5270120e-01   2.6680567e-01   3.1287049e-01   0.0000000e+00   4.4518238e-01   2.8208557e-01   2.5700892e-01   2.3040732e-01   1.8979764e-01   2.7397411e-01   2.3385830e-01   2.7551414e-01   2.0609412e-01   1.5118729e-01   3.2334037e-01   4.0000528e-01   2.3136517e-01   2.6040978e-01   3.1319590e-01   2.3108012e-01   3.5312905e-01   3.9580238e-01   2.3829818e-01   3.7033237e-01   2.0212439e-01   4.7734084e-01   2.4605586e-01   3.3433225e-01   1.9827794e-01   3.1765436e-01   3.4729697e-01   3.5626240e-01   5.0173792e-01   1.9654172e-01   3.4227621e-01   2.8513238e-01   3.2538668e-01   5.5180947e-01   4.0536007e-01   2.7800155e-01   1.7043436e-01   3.1815286e-01   1.5398718e-01   3.5005912e-01   1.8747092e-01   2.5704835e-01
   2.9779880e-01   3.8113848e-01   3.8659219e-01   3.0179349e-01   3.6547493e-01   2.7128919e-01   4.0574503e-01   4.3276472e-01   2.5428531e-01   4.3045905e-01   3.9248659e-01   3.1625531e-01   1.4763461e-01   3.0032159e-01   3.3505485e-01   3.6951854e-01   4.5170677e-01   2.7029806e-01   3.7766514e-01   3.6018482e-01   3.9793205e-01   4.4518238e-01   0.0000000e+00   2.8054604e-01   2.9553362e-01   2.7141158e-01   2.6935090e-01   4.1270839e-01   2.3209701e-01   3.5240346e-01   2.5765204e-01   1.4663186e-01   3.1168509e-01   4.6242046e-01   2.8917841e-01   3.5839857e-01   4.5492135e-01   1.8958750e-01   2.8982967e-01   3.0821785e-01   3.1967808e-01   4.3521189e-01   2.0731865e-01   4.3827160e-01   3.4410902e-01   3.5329132e-01   1.6170618e-01   3.1823629e-01   3.5943430e-01   3.7469285e-01   4.2700496e-01   2.8686106e-01   3.8413523e-01   3.3648734e-01   4.4191614e-01   4.1196485e-01   5.9673935e-01   2.7719488e-01   1.6458200e-01   3.6693238e-01   1.7707753e-01   4.8662800e-01   2.7278566e-01   2.9205232e-01
   1.8166914e-01   2.1361507e-01   2.8817885e-01   1.8321628e-01   2.6486337e-01   2.5371012e-01   2.4819427e-01   2.2827709e-01   1.8827345e-01   2.8360161e-01   2.7155143e-01   2.3737957e-01   1.4831413e-01   2.4282516e-01   2.7921361e-01   2.9155395e-01   3.1329028e-01   1.8532717e-01   2.6110934e-01   1.2903815e-01   2.6421736e-01   2.8208557e-01   2.8054604e-01   0.0000000e+00   2.3650752e-01   2.2845827e-01   1.8871372e-01   3.6757486e-01   1.6121605e-01   1.3509431e-01   2.1542198e-01   1.4156603e-01   2.3591793e-01   3.2725317e-01   1.9713622e-01   1.8674332e-01   3.5716737e-01   2.1584903e-01   2.4528367e-01   2.3841583e-01   1.8480249e-01   2.3979432e-01   2.0407113e-01   2.7210760e-01   3.0086840e-01   2.8007833e-01   2.1787433e-01   2.8528778e-01   2.8907104e-01   3.0789039e-01   2.7294152e-01   1.7063403e-01   2.4961720e-01   1.8742996e-01   2.2475893e-01   2.7411231e-01   2.2757302e-01   7.0569218e-01   2.3331460e-01   2.9488898e-01   2.1979118e-01   3.9860205e-01   1.5065331e-01   8.9079275e-02
   2.8678910e-01   2.0911236e-01   2.7899793e-01   3.0065091e-01   3.5151391e-01   1.7184710e-01   2.4061886e-01   3.6882337e-01   1.8850089e-01   2.3879688e-01   3.3069093e-01   2.2609189e-01   4.1143401e-01   2.0811115e-01   2.6215046e-01   2.7423621e-01   2.4535999e-01   3.6067063e-01   2.3033984e-01   2.2599282e-01   2.5230160e-01   2.5700892e-01   2.9553362e-01   2.3650752e-01   0.0000000e+00   3.8294929e-01   4.9155559e-01   1.9458417e-01   3.9904126e-01   2.4763709e-01   1.5383324e-01   2.4110189e-01   1.5448283e-01   3.0125276e-01   2.6417340e-01   2.1862893e-01   2.5161782e-01   2.3931646e-01   2.0584574e-01   1.9522636e-01   2.2322972e-01   3.5588356e-01   1.6122448e-01   2.0754701e-01   2.5429065e-01   2.2301876e-01   2.9960457e-01   2.4741188e-01   2.5359086e-01   2.9907387e-01   1.9184390e-01   2.9427421e-01   1.9798878e-01   2.1744684e-01   3.1041034e-01   2.1767232e-01   2.4598950e-01   2.5373495e-01   3.3995415e-01   3.3082725e-01   3.4241598e-01   2.3105089e-01   2.8291440e-01   2.1348234e-01
   3.4898343e-01   2.8224416e-01   1.4491822e-01   4.4553026e-02   2.1071808e-01   1.3117322e-01   2.6446684e-01   2.3737864e-01   1.3090035e-01   3.0535763e-01   2.6431228e-01   2.9584165e-01   1.1499620e-01   2.3825531e-01   3.3552397e-01   2.5647054e-01   3.0486410e-01   1.8126098e-01   2.2258182e-01   1.0838293e-01   2.4671347e-01   2.3040732e-01   2.7141158e-01   2.2845827e-01   3.8294929e-01   0.0000000e+00   1.9605872e-01   2.7165719e-01   1.6782503e-01   2.8984073e-01   1.2748115e-01   1.3533197e-01   8.9315193e-02   3.0626529e-01   2.9060421e-01   2.9031112e-01   2.5038114e-01   7.8849536e-02   1.2289735e-01   1.5955771e-01   2.2697748e-01   2.3018263e-01   1.3798289e-01   2.4570434e-01   2.5855454e-01   2.8159378e-01   7.3539099e-02   2.3022237e-01   2.8207525e-01   2.7249455e-01   2.4084888e-01   1.7172747e-01   1.5848703e-01   1.1676766e-01   2.3074235e-01   2.4062344e-01   2.3567700e-01   2.3916626e-01   1.5426442e-01   4.8199758e-01   1.5853333e-01   2.9854991e-01   1.6898041e-01   2.0102479e-01
   1.8036365e-01   1.3488920e-01   2.6607264e-01   3.7779087e-01   2.7711483e-01   1.3311020e-01   1.8974563e-01   3.2994210e-01   1.6885424e-01   1.9708732e-01   3.3901389e-01   1.6067702e-01   4.7093670e-01   1.6265366e-01   2.3383434e-01   2.6113316e-01   2.1244696e-01   3.6652107e-01   2.2765091e-01   2.8159411e-01   1.8807208e-01   1.8979764e-01   2.6935090e-01   1.8871372e-01   4.9155559e-01   1.9605872e-01   0.0000000e+00   1.1125862e-01   4.1965556e-01   1.3576105e-01   1.6558307e-01   2.3500634e-01   2.0662274e-01   2.6168976e-01   1.8996294e-01   1.4327652e-01   2.5034701e-01   2.8092440e-01   1.4432185e-01   1.4959595e-01   1.9576697e-01   3.5233714e-01   1.4341479e-01   1.8525939e-01   2.6637310e-01   1.9336789e-01   3.4945657e-01   2.0749336e-01   2.7252668e-01   2.5733933e-01   1.7296263e-01   2.9604537e-01   2.2996263e-01   2.6662729e-01   2.6026190e-01   2.0173706e-01   2.3316623e-01   1.8733383e-01   3.3772837e-01   2.3094901e-01   4.9348986e-01   1.9021182e-01   2.8844088e-01   1.2723279e-01
   2.4719084e-01   2.4515287e-01   2.4412169e-01   8.1625395e-02   2.4455766e-01   1.7448042e-01   3.8939923e-01   3.1951647e-01   1.5973954e-01   2.9035782e-01   3.4442231e-01   2.2505568e-01   8.2059452e-02   1.9508263e-01   2.2669940e-01   2.4810035e-01   3.3017370e-01   1.4980400e-01   4.1396492e-01   1.6212584e-01   3.3745648e-01   2.7397411e-01   4.1270839e-01   3.6757486e-01   1.9458417e-01   2.7165719e-01   1.1125862e-01   0.0000000e+00   1.4556089e-01   2.7274265e-01   1.4369852e-01   8.3728762e-02   1.7452807e-01   4.6596164e-01   2.3720981e-01   2.3371346e-01   4.4921835e-01   1.3497944e-01   2.1504812e-01   2.0878345e-01   2.8838625e-01   3.0475715e-01   1.7510689e-01   2.9033912e-01   4.0011854e-01   2.4541351e-01   1.0231685e-01   2.0784841e-01   2.1986267e-01   2.7268908e-01   2.6959761e-01   1.5573100e-01   3.4607035e-01   1.1659170e-01   3.4636190e-01   2.5287024e-01   3.2028142e-01   3.6435476e-01   1.0842665e-01   3.0325648e-01   1.1234938e-01   6.3193705e-01   1.6512961e-01   1.6325264e-01
   4.2419804e-01   2.7180440e-01   1.8229185e-01   1.7268889e-01   3.8040651e-01   6.0728464e-02   2.9526152e-01   4.3586121e-01   1.3096924e-01   2.8941972e-01   5.4129211e-01   2.0481771e-01   4.4976033e-01   2.3677052e-01   1.7753257e-01   2.3662985e-01   3.3924162e-01   6.2342678e-01   1.7270006e-01   2.2754873e-01   3.1169028e-01   2.3385830e-01   2.3209701e-01   1.6121605e-01   3.9904126e-01   1.6782503e-01   4.1965556e-01   1.4556089e-01   0.0000000e+00   4.3316802e-01  -5.4873860e-02   1.5027734e-01  -2.5758685e-02   2.6971508e-01   3.9938980e-01   3.0552017e-01   3.0768388e-01   1.2847434e-01   1.0191967e-01   1.5520529e-01   3.8790751e-01   3.9252847e-01   1.1037815e-01   2.6270751e-01   3.8147517e-01   2.2691108e-01   3.3241543e-01   2.4097088e-01   2.0320204e-01   2.4254728e-01   2.5952312e-01   4.6566172e-01   1.5399050e-01   1.2027898e-01   3.4658799e-01   2.0028227e-01   2.7416858e-01   1.7817943e-01   1.3678451e-01   2.2775102e-01   2.2513741e-01   1.6996348e-01   5.9859741e-01   3.8860652e-01
   5.1847432e-01   5.0202472e-01   1.1670891e-01  -3.4728547e-02   3.8573877e-01   1.3267564e-01   3.2906688e-01   4.2754537e-01   1.5348025e-01   3.7947560e-01   3.0868648e-01   2.3684865e-01   3.9671163e-02   2.4825223e-01   2.0245026e-01   2.0289770e-01   3.9570465e-01   3.6036724e-01   2.4520848e-01   1.8874777e-01   4.7895988e-01   2.7551414e-01   3.5240346e-01   1.3509431e-01   2.4763709e-01   2.8984073e-01   1.3576105e-01   2.7274265e-01   4.3316802e-01   0.0000000e+00  -2.2313731e-02   6.6874231e-02  -8.4086493e-02   2.9760253e-01   4.5587184e-01   5.2154371e-01   3.3602708e-01  -9.1556542e-02   1.0734215e-01   2.1725845e-01   3.5825986e-01   3.8316278e-01   1.3211982e-01   3.3170416e-01   2.6781118e-01   2.7859803e-01  -6.0937582e-02   2.8187152e-01   2.0727567e-01   2.1948187e-01   3.1910273e-01   4.0216056e-01   1.8595549e-01   4.0977521e-02   4.7876261e-01   2.3067403e-01   4.0527669e-01   1.3071731e-01  -1.0506572e-01   2.3885094e-01  -7.7082129e-03   2.3622594e-01   3.8382382e-01   6.5234282e-01
   4.0680380e-02   6.4325897e-02   3.5105109e-01   4.1948772e-01   1.9813392e-01   2.2019744e-01   1.1944638e-01   1.9318320e-01   1.9433229e-01   1.6934749e-01   6.3910096e-02   2.0750121e-01   2.2547610e-01   1.6172509e-01   2.1187492e-01   2.7733634e-01   1.6368857e-01   1.6226655e-02   1.6377439e-01   1.8472161e-01   1.0582584e-01   2.0609412e-01   2.5765204e-01   2.1542198e-01   1.5383324e-01   1.2748115e-01   1.6558307e-01   1.4369852e-01  -5.4873860e-02  -2.2313731e-02   0.0000000e+00   3.3199730e-01   5.5181730e-01   2.6795306e-01  -1.1826773e-02   5.1494938e-02   1.0759392e-01   4.4865595e-01   3.3152777e-01   2.1314281e-01   2.2605491e-02   2.5565528e-01   1.6899352e-01   1.7973729e-01   6.1354225e-02   2.1669432e-01   2.6354553e-01   1.5336595e-01   2.2682508e-01   2.4686475e-01   1.7874757e-01  -3.7534174e-02   1.9645215e-01   3.2574946e-01   9.7457493e-02   2.2598721e-01   1.8881267e-01   1.8864095e-01   3.0491064e-01   2.3972136e-01   1.7122755e-01   1.9229652e-01  -5.8131295e-02  -9.6282719e-02
   1.2266352e-01   9.1460280e-02   2.1164962e-01   2.6016377e-01   2.1794872e-01   1.2815167e-01   1.3287694e-01   1.7299111e-01   1.2908298e-01   9.9482918e-02   1.0257620e-01   1.4498334e-01   2.5243188e-01   1.7571305e-01   1.7485551e-01   2.3975699e-01   1.2547222e-01   1.4013271e-01   4.6485433e-02   1.0643246e-01   1.5546844e-01   1.5118729e-01   1.4663186e-01   1.4156603e-01   2.4110189e-01   1.3533197e-01   2.3500634e-01   8.3728762e-02   1.5027734e-01   6.6874231e-02   3.3199730e-01   0.0000000e+00   2.4955731e-01   1.9383381e-01   1.2406334e-01   9.2025473e-02   8.7777539e-02   3.3833740e-01   3.2514957e-01   1.1153607e-01   1.1134926e-01   2.5387712e-01   1.1080541e-01   1.0199280e-01   1.2689965e-01   1.5515522e-01   3.0080366e-01   2.6038009e-01   1.8729579e-01   2.4277789e-01   1.3214651e-01   1.1001493e-01   5.9972711e-02   1.9719135e-01   1.6783264e-01   1.7013705e-01   1.9861650e-01   1.5010365e-01   3.4888147e-01   1.9799625e-01   2.3863974e-01   1.1533408e-01   8.6915755e-02   5.2412614e-02
   1.6106816e-02   5.5861443e-02   4.1478733e-01   5.5606149e-01   1.6057156e-01   3.0165596e-01   1.2389179e-01   2.6846426e-01   1.7517525e-01   2.0571961e-01   1.0096651e-01   2.0487741e-01   3.1165424e-01   1.8288270e-01   2.3279019e-01   3.1093190e-01   2.2758835e-01   4.8013641e-02   2.2889940e-01   3.3636483e-01   1.0140473e-01   3.2334037e-01   3.1168509e-01   2.3591793e-01   1.5448283e-01   8.9315193e-02   2.0662274e-01   1.7452807e-01  -2.5758685e-02  -8.4086493e-02   5.5181730e-01   2.4955731e-01   0.0000000e+00   3.5697316e-01  -2.4086059e-02  -1.1588007e-02   1.1924622e-01   4.8510944e-01   2.9567638e-01   2.5706142e-01   2.8984955e-02   3.0675279e-01   1.6713980e-01   2.5991877e-01   9.4919072e-02   2.2399754e-01   3.3848660e-01   2.0719961e-01   2.4204808e-01   2.9180639e-01   2.5304121e-01  -5.8607443e-02   2.8551189e-01   5.0335775e-01   1.3669935e-01   3.1952181e-01   2.1032275e-01   2.2280593e-01   3.2156003e-01   2.0949060e-01   2.2864451e-01   2.4599860e-01  -3.9024760e-02  -1.2060654e-01
   2.5758011e-01   2.6971606e-01   4.0583070e-01   3.2700371e-01   3.4453402e-01   2.0600475e-01   3.9295801e-01   5.0090926e-01   2.1069222e-01   3.7068560e-01   3.8279350e-01   3.0321219e-01   2.7455956e-01   2.6673866e-01   2.8823492e-01   3.5803264e-01   4.0427083e-01   2.5907306e-01   3.7571343e-01   4.2199342e-01   4.1393949e-01   4.0000528e-01   4.6242046e-01   3.2725317e-01   3.0125276e-01   3.0626529e-01   2.6168976e-01   4.6596164e-01   2.6971508e-01   2.9760253e-01   2.6795306e-01   1.9383381e-01   3.5697316e-01   0.0000000e+00   2.3266603e-01   2.5707500e-01   3.8737999e-01   3.5773136e-01   3.0136908e-01   2.7373793e-01   3.3227600e-01   4.9831079e-01   2.0835207e-01   3.6822128e-01   4.0841875e-01   3.4866394e-01   3.1853077e-01   2.7825910e-01   3.3418935e-01   3.9064499e-01   3.6965162e-01   2.5176480e-01   3.7179534e-01   4.3131866e-01   4.6795100e-01   3.6055830e-01   4.3808812e-01   3.4837929e-01   2.3565452e-01   3.8280832e-01   2.1619812e-01   5.2637153e-01   2.3450389e-01   2.2384190e-01
   5.9199096e-01   4.3416145e-01   1.4015123e-01  -1.1436204e-02   2.7061455e-01   1.4982907e-01   3.3719683e-01   3.1303545e-01   1.3675159e-01   3.3873008e-01   4.2079510e-01   2.5191908e-01   9.3039678e-02   2.4705465e-01   2.0271871e-01   2.5576499e-01   3.1853411e-01   4.3749520e-01   2.4268584e-01   1.3816339e-01   3.4648986e-01   2.3136517e-01   2.8917841e-01   1.9713622e-01   2.6417340e-01   2.9060421e-01   1.8996294e-01   2.3720981e-01   3.9938980e-01   4.5587184e-01  -1.1826773e-02   1.2406334e-01  -2.4086059e-02   2.3266603e-01   0.0000000e+00   5.7533673e-01   4.6721362e-01   4.4460361e-02   1.8641581e-01   2.3394508e-01   4.7852648e-01   3.3326396e-01   1.3820999e-01   2.9781169e-01   4.5733196e-01   2.7201676e-01   1.6324872e-01   2.5710025e-01   2.3732255e-01   2.7887962e-01   3.0750897e-01   4.5038868e-01   2.1411292e-01   8.5023886e-02   3.8447229e-01   2.4854534e-01   3.6840333e-01   1.7790093e-01   1.0168934e-01   3.8384035e-01   2.1046999e-01   2.1609186e-01   5.4823338e-01   5.3340717e-01
   5.3201185e-01   6.0429140e-01   1.7344039e-01   2.7498453e-02   2.7765603e-01   1.7681889e-01   3.8388825e-01   3.1409987e-01   1.5662302e-01   3.8886255e-01   3.8921442e-01   2.8950688e-01   6.2236633e-02   3.1599832e-01   2.4041503e-01   2.9578356e-01   3.6538984e-01   3.2752509e-01   2.4614377e-01   1.5111818e-01   4.0208987e-01   2.6040978e-01   3.5839857e-01   1.8674332e-01   2.1862893e-01   2.9031112e-01   1.4327652e-01   2.3371346e-01   3.0552017e-01   5.2154371e-01   5.1494938e-02   9.2025473e-02  -1.1588007e-02   2.5707500e-01   5.7533673e-01   0.0000000e+00   4.5888176e-01   2.7837957e-03   1.4759053e-01   2.4932427e-01   4.7143694e-01   3.1796201e-01   1.5605444e-01   3.3282517e-01   3.8501032e-01   3.0429900e-01   2.3172514e-02   3.0518097e-01   3.1558596e-01   3.0988923e-01   3.4529761e-01   3.6923416e-01   2.1524052e-01   6.8674612e-02   4.0678705e-01   2.6303231e-01   4.1934749e-01   1.6285569e-01   2.6724566e-02   3.4565751e-01   1.0967341e-01   2.3101574e-01   4.7117952e-01   5.4182807e-01
   3.5531092e-01   3.5956250e-01   3.2812304e-01   1.2303599e-01   2.7389405e-01   2.6142918e-01   4.2200715e-01   3.5671172e-01   2.3574939e-01   3.3902917e-01   5.2370722e-01   3.0512727e-01   8.5854815e-02   3.0718563e-01   3.1576684e-01   3.8612537e-01   3.4676227e-01   3.2734491e-01   4.5420249e-01   2.5426703e-01   4.5859545e-01   3.1319590e-01   4.5492135e-01   3.5716737e-01   2.5161782e-01   2.5038114e-01   2.5034701e-01   4.4921835e-01   3.0768388e-01   3.3602708e-01   1.0759392e-01   8.7777539e-02   1.1924622e-01   3.8737999e-01   4.6721362e-01   4.5888176e-01   0.0000000e+00   1.1292476e-01   2.1009351e-01   3.2738902e-01   4.5412206e-01   3.8602255e-01   2.3131383e-01   3.1549001e-01   5.6223451e-01   3.3754786e-01   1.6147925e-01   3.5794842e-01   3.7703915e-01   4.0759299e-01   3.3852917e-01   3.5819364e-01   4.4449513e-01   1.9835133e-01   4.8055633e-01   3.0647468e-01   4.6224682e-01   3.6226713e-01   1.7732220e-01   3.5965235e-01   2.5847621e-01   5.0309899e-01   4.4629414e-01   3.6090060e-01
   3.2066852e-02   3.7799278e-02   4.8517196e-01   5.8790167e-01   1.6601471e-01   1.6306578e-01   1.0244511e-01   1.8935801e-01   1.3663730e-01   1.7261207e-01   1.0957995e-01   2.1195139e-01   5.0057651e-01   1.1663171e-01   1.8159109e-01   2.7329658e-01   2.0886635e-01   1.1572976e-01   1.2210410e-01   2.1239274e-01   6.4463814e-02   2.3108012e-01   1.8958750e-01   2.1584903e-01   2.3931646e-01   7.8849536e-02   2.8092440e-01   1.3497944e-01   1.2847434e-01  -9.1556542e-02   4.4865595e-01   3.3833740e-01   4.8510944e-01   3.5773136e-01   4.4460361e-02   2.7837957e-03   1.1292476e-01   0.0000000e+00   4.1781497e-01   1.6905035e-01   4.6317177e-02   2.8294354e-01   1.5303460e-01   1.7726037e-01   1.4853978e-01   2.2616855e-01   6.2870609e-01   1.5434771e-01   1.9768533e-01   2.5155784e-01   1.9269392e-01   2.9673181e-02   1.6469188e-01   4.1160856e-01   7.5623148e-02   2.5044631e-01   1.9971310e-01   2.1071403e-01   5.5592819e-01   2.1471507e-01   3.6631044e-01   1.7076071e-01   6.5730498e-02  -1.1551420e-01
   1.5535637e-01   1.8075735e-01   2.8345597e-01   2.5648679e-01   5.4149223e-01   2.3062020e-01   1.5192511e-01   1.5247531e-01   1.6532591e-01   2.7244054e-01   1.1185708e-01   2.1561025e-01   1.9003238e-01   1.9653896e-01   2.3667501e-01   2.7781465e-01   2.6617341e-01   1.1366836e-01   1.7589857e-01   1.0625926e-01   1.6760544e-01   3.5312905e-01   2.8982967e-01   2.4528367e-01   2.0584574e-01   1.2289735e-01   1.4432185e-01   2.1504812e-01   1.0191967e-01   1.0734215e-01   3.3152777e-01   3.2514957e-01   2.9567638e-01   3.0136908e-01   1.8641581e-01   1.4759053e-01   2.1009351e-01   4.1781497e-01   0.0000000e+00   2.6584803e-01   1.1780191e-01   2.7927620e-01   1.7497553e-01   2.9927555e-01   1.6032016e-01   2.4446537e-01   3.2585348e-01   2.5527401e-01   2.7307314e-01   2.7018626e-01   3.3494914e-01   1.2426582e-01   1.6656365e-01   1.9799895e-01   1.7503229e-01   4.1767043e-01   3.5324179e-01   2.3224166e-01   3.2966389e-01   3.4293350e-01   2.0038702e-01   2.4582743e-01   9.4724660e-02   8.3411506e-02
