   0.0000000e+00   5.4945690e+01   9.1889244e+01   4.7045177e+01   9.8483398e+01   3.1943165e+01   5.6048031e+01   8.3195251e+01   3.2673656e+01   4.5310143e+01   1.1312063e+02   9.3050613e+01   9.7695045e+01   1.1603148e+02   4.8931782e+01   8.4343674e+01   4.7866501e+01   8.5409668e+01   8.0458672e+01   1.0181293e+02   1.5158159e+02   1.2449683e+02   1.2189719e+02   1.0480401e+02   1.1801715e+02   1.1912779e+02   1.1345728e+02   1.0369724e+02   2.3140036e+01   6.3699684e+01   6.2180702e+01   5.0110489e+01   7.5278099e+01   7.1562096e+01   5.7231472e+01   6.0660797e+01   5.2616398e+01   6.9769028e+01   7.5888695e+01   7.7063927e+01   7.8300621e+01   1.8886189e+02   9.5547241e+01   2.1980112e+02   1.1735405e+02   2.6680627e+02   1.6126381e+02   1.5494057e+02   1.6689201e+02   1.5195320e+02   2.3212839e+02   1.6312268e+02   1.8180797e+02   2.7761276e+02   2.3596994e+02   1.7055852e+02   1.3666647e+02   1.2292878e+02   1.6415404e+02   2.2805296e+02   1.0439165e+02   1.5688095e+02   1.0044862e+02   1.8780246e+02   1.7015572e+02   2.3706860e+02   1.5260020e+02   1.5412947e+02   1.8247321e+02   1.5615581e+02   1.5796669e+02   1.7301062e+02   1.9230554e+02   2.0077910e+02   1.5689572e+02   1.7573102e+02   2.4323038e+02   1.4985663e+02   1.4497975e+02   1.7323372e+02   1.5154332e+02   2.1272478e+02   1.5976634e+02   1.6282541e+02   2.1232761e+02   2.0895390e+02   2.8022723e+02   2.0131833e+02   2.9032761e+02   2.1448595e+02
   5.4945690e+01   0.0000000e+00   8.2922836e+01   1.9410965e+01   8.7995041e+01   4.7332447e+01   4.7803143e+01   8.1327286e+01   8.3593941e+01   4.3464607e+01   6.5092903e+01   3.3590019e+01   5.7028435e+01   8.6778633e+01   5.4942902e+01   2.7867964e+01   3.3518036e+01   1.0323245e+02   1.0097194e+02   1.2424626e+02   1.5866927e+02   1.5574518e+02   1.2972665e+02   1.3522585e+02   1.5500621e+02   1.3613217e+02   1.5160190e+02   1.2554683e+02   8.2546745e+01   1.0728806e+02   1.1400800e+02   9.7407204e+01   1.1710466e+02   9.7546318e+01   9.6689682e+01   4.5767735e+01   6.1363125e+01   8.5243561e+01   8.6227303e+01   1.0145541e+02   1.1150201e+02   2.0280814e+02   1.1795786e+02   2.4726692e+02   1.3648247e+02   1.4001018e+02   9.2338722e+01   9.6932823e+01   9.0408325e+01   1.0344776e+02   9.0981537e+01   8.4708168e+01   1.0618124e+02   1.5493275e+02   1.1801580e+02   8.2291451e+01   8.6906647e+01   8.7675270e+01   9.6308388e+01   1.1322227e+02   6.1114182e+01   1.0668236e+02   1.3092996e+02   1.4493159e+02   1.4176508e+02   1.2329282e+02   1.8325961e+02   1.6145775e+02   1.6828302e+02   1.7312796e+02   1.8043071e+02   1.7826132e+02   1.7088715e+02   1.5290500e+02   1.5339722e+02   1.5799352e+02   1.6595299e+02   1.6322510e+02   1.4787744e+02   1.4190541e+02   8.2841217e+01   1.1050054e+02   1.1211925e+02   1.3037337e+02   1.7321869e+02   1.7576855e+02   1.8574861e+02   1.7186000e+02   2.5174272e+02   1.7042668e+02
   9.1889244e+01   8.2922836e+01   0.0000000e+00   5.9572578e+01   2.0693947e+01   7.5354813e+01   5.0912525e+01   1.3022167e+01   1.0847901e+02   1.0727895e+02   3.1025639e+01   4.4877621e+01   2.0682455e+01   1.8545019e+01   4.5901707e+01   6.0686340e+01   1.0792332e+02   1.4665424e+02   8.9052696e+01   9.0643555e+01   3.9515656e+01   1.5926103e+02   1.8286082e+02   1.4199536e+02   1.7497784e+02   1.3177983e+02   1.1732324e+02   8.2181992e+01   1.2407461e+02   1.5040332e+02   1.4420206e+02   1.2925543e+02   1.4112363e+02   1.4342035e+02   1.3850462e+02   5.3241795e+01   4.6542973e+01   6.5165039e+01   1.0795241e+02   1.0607074e+02   1.0093626e+02   4.6512924e+01   1.0316994e+02   7.7928596e+01   8.2582275e+01   1.5488783e+02   1.0240114e+02   8.3472389e+01   1.0394967e+02   9.6575661e+01   1.2634866e+02   1.0688259e+02   1.0469224e+02   1.6450073e+02   1.4124585e+02   6.6679611e+01   7.7998177e+01   6.8409821e+01   7.7490547e+01   1.2361644e+02   6.9835121e+01   1.3266707e+02   1.7876875e+02   1.5154640e+02   1.4205681e+02   1.2063291e+02   2.3506049e+02   1.9978104e+02   1.8774725e+02   2.3152750e+02   2.2534816e+02   2.2712762e+02   1.8212286e+02   1.7055795e+02   1.9080551e+02   1.9255948e+02   1.8273036e+02   2.0368520e+02   1.9202649e+02   1.7783948e+02   1.0087869e+02   1.1763134e+02   1.0653946e+02   1.2868991e+02   1.8024380e+02   1.7337611e+02   1.3632291e+02   1.9174649e+02   1.6867174e+02   1.7511687e+02
   4.7045177e+01   1.9410965e+01   5.9572578e+01   0.0000000e+00   5.8326107e+01   3.5865440e+01   2.5882299e+01   5.3112072e+01   7.1694534e+01   6.6191391e+01   6.3338291e+01   4.3525055e+01   5.4578407e+01   6.7959282e+01   4.0916439e+01   4.6096615e+01   4.7736015e+01   1.0957375e+02   9.9692513e+01   1.1975640e+02   1.0085485e+02   1.5350294e+02   1.4525401e+02   1.3097510e+02   1.5692949e+02   1.3141893e+02   1.4892572e+02   1.2347237e+02   7.0887329e+01   1.1276135e+02   1.0442349e+02   8.6968964e+01   1.0316199e+02   1.0145321e+02   1.0763940e+02   3.9678253e+01   4.7653683e+01   7.3680046e+01   7.9869675e+01   9.6717384e+01   1.0734969e+02   1.6311295e+02   1.1176843e+02   2.2761189e+02   1.3125851e+02   1.1829501e+02   7.4046959e+01   7.0327187e+01   7.3975861e+01   7.6800636e+01   6.9640930e+01   6.5597588e+01   7.7804260e+01   1.1887597e+02   9.2618973e+01   5.5431217e+01   6.0367981e+01   5.9014816e+01   7.1481537e+01   9.8079269e+01   4.8003330e+01   8.7784546e+01   1.0185097e+02   1.1408646e+02   1.1018739e+02   8.7216019e+01   1.4441756e+02   1.2679874e+02   1.2966431e+02   1.3700969e+02   1.4402010e+02   1.3868173e+02   1.3868863e+02   1.2880888e+02   1.1865161e+02   1.2060938e+02   1.3298846e+02   1.3337700e+02   1.2409035e+02   1.0744992e+02   7.2935295e+01   9.2527344e+01   7.7961014e+01   1.0110554e+02   1.3315309e+02   1.3822681e+02   1.3238179e+02   1.4927907e+02   1.8458801e+02   1.3664987e+02
   9.8483398e+01   8.7995041e+01   2.0693947e+01   5.8326107e+01   0.0000000e+00   7.5064949e+01   4.8853779e+01   2.3941635e+01   1.0855418e+02   1.0793810e+02   5.9767700e+01   4.4556030e+01   2.8805733e+01   5.7674099e+01   7.0240768e+01   7.4072388e+01   1.1059981e+02   1.6029495e+02   1.2664310e+02   1.3196786e+02   7.0394257e+01   1.8831459e+02   1.8866862e+02   1.5973940e+02   1.8820340e+02   1.7583472e+02   1.7417772e+02   1.4345250e+02   1.2225710e+02   1.4796349e+02   1.3548888e+02   1.3172450e+02   1.4410347e+02   1.5172633e+02   1.3667924e+02   6.0930038e+01   6.8877678e+01   8.4733002e+01   1.1759588e+02   1.2705983e+02   1.3021945e+02   7.5805161e+01   1.4533531e+02   1.0043783e+02   1.3626152e+02   1.5938901e+02   1.1547408e+02   9.0860260e+01   1.1502369e+02   1.0141412e+02   1.3565843e+02   1.1913996e+02   1.1057540e+02   1.7545482e+02   1.5511621e+02   7.7439301e+01   8.6376450e+01   7.4043770e+01   8.4594475e+01   1.2832231e+02   8.1530678e+01   1.4527740e+02   1.8185995e+02   1.4776656e+02   1.3873282e+02   1.1454486e+02   2.3509845e+02   2.1622597e+02   1.8876056e+02   2.3020662e+02   2.3366214e+02   2.0659651e+02   1.6848128e+02   1.8203836e+02   2.0297694e+02   1.9672450e+02   1.8951825e+02   2.0654019e+02   1.9997992e+02   1.9162914e+02   1.0496198e+02   1.1783131e+02   1.0089492e+02   1.2715242e+02   1.8118971e+02   1.7760672e+02   1.2928168e+02   1.7880383e+02   1.4769107e+02   1.6535255e+02
   3.1943165e+01   4.7332447e+01   7.5354813e+01   3.5865440e+01   7.5064949e+01   0.0000000e+00   2.5842369e+01   6.6027237e+01   3.2953014e+01   6.0957943e+01   9.1102577e+01   6.0291374e+01   7.4202087e+01   9.0907249e+01   5.1313835e+01   5.9947159e+01   5.6860622e+01   1.1911016e+02   8.9475586e+01   1.0810051e+02   1.3686646e+02   1.2499832e+02   1.3693657e+02   1.0119001e+02   1.2832645e+02   1.1703701e+02   1.0817824e+02   1.0484209e+02   6.0589581e+01   9.7422798e+01   8.2494232e+01   6.9440323e+01   9.3556129e+01   1.1213528e+02   1.0091824e+02   4.7382614e+01   5.2797424e+01   7.9580620e+01   8.4975662e+01   6.6518974e+01   9.1370483e+01   1.7807596e+02   1.0367476e+02   2.1005927e+02   1.2121436e+02   1.8970605e+02   1.0648293e+02   8.7139603e+01   1.0994229e+02   8.8374939e+01   1.2871086e+02   9.0083183e+01   9.5444183e+01   2.1719020e+02   1.1028944e+02   6.8571220e+01   6.5355072e+01   6.5140915e+01   7.7358871e+01   1.9066080e+02   7.3844810e+01   1.2757192e+02   1.0772188e+02   1.6017851e+02   1.3816469e+02   1.1564411e+02   1.5426398e+02   1.1925541e+02   1.4880171e+02   1.4117677e+02   1.6637296e+02   1.3557930e+02   1.8107341e+02   2.0112845e+02   1.3396175e+02   1.3364699e+02   2.2184032e+02   1.5204379e+02   1.5863622e+02   1.0749459e+02   1.0320789e+02   1.5629279e+02   7.8865440e+01   1.2783683e+02   1.4727510e+02   1.9027005e+02   1.8662273e+02   2.0714467e+02   1.8793401e+02   1.8200391e+02
   5.6048031e+01   4.7803143e+01   5.0912525e+01   2.5882299e+01   4.8853779e+01   2.5842369e+01   0.0000000e+00   3.7645752e+01   6.3344032e+01   7.1805954e+01   6.2743279e+01   4.6778721e+01   5.7883713e+01   6.8688560e+01   3.7209972e+01   5.4583382e+01   6.6393425e+01   1.2554751e+02   9.3273903e+01   1.0601177e+02   8.9506332e+01   1.4439507e+02   1.4671548e+02   1.0959434e+02   1.5376280e+02   1.2965331e+02   1.2715381e+02   1.0680716e+02   8.3616127e+01   1.2125876e+02   1.0952415e+02   9.4519249e+01   1.1604644e+02   1.1727327e+02   1.1008825e+02   4.2839474e+01   4.5114254e+01   7.9892967e+01   9.1510452e+01   9.3465317e+01   1.1458669e+02   1.3746346e+02   1.0957620e+02   1.9414661e+02   1.1853990e+02   1.6248775e+02   1.0452399e+02   1.1139094e+02   1.0923055e+02   1.1555025e+02   1.1781585e+02   1.0432115e+02   1.1922185e+02   1.8225826e+02   1.3877797e+02   7.1540169e+01   9.1333153e+01   8.1091057e+01   9.9095924e+01   1.2892017e+02   7.3137253e+01   1.2607449e+02   1.6966695e+02   1.3896091e+02   1.3030191e+02   1.1258266e+02   2.2499399e+02   2.3088602e+02   1.9873346e+02   2.1402348e+02   2.2795689e+02   2.2325729e+02   1.6944162e+02   1.7945399e+02   1.8915642e+02   1.8882555e+02   1.9055363e+02   2.1201630e+02   1.8893484e+02   1.8027463e+02   9.2919899e+01   1.1399347e+02   9.0339729e+01   1.1114576e+02   2.4608763e+02   1.8576187e+02   1.7200644e+02   1.9578517e+02   2.4478537e+02   1.6078227e+02
   8.3195251e+01   8.1327286e+01   1.3022167e+01   5.3112072e+01   2.3941635e+01   6.6027237e+01   3.7645752e+01   0.0000000e+00   9.9445297e+01   9.9700813e+01   3.4625099e+01   4.9598866e+01   3.5666416e+01   3.9478027e+01   3.9892113e+01   7.6826630e+01   9.8363495e+01   1.4233287e+02   9.6749786e+01   1.1170947e+02   4.0490795e+01   1.5992189e+02   1.7208220e+02   1.4166187e+02   1.6621198e+02   1.3877161e+02   1.2811928e+02   1.0456187e+02   1.0932787e+02   1.4242236e+02   1.3385468e+02   1.1944319e+02   1.3597229e+02   1.3736412e+02   1.2942001e+02   5.0015041e+01   4.4731197e+01   6.0202450e+01   1.0091462e+02   1.0272830e+02   1.0523413e+02   4.6895805e+01   1.0351088e+02   7.9807159e+01   1.0405984e+02   1.5359637e+02   1.1109609e+02   8.7456589e+01   1.0959462e+02   1.0753018e+02   1.2857188e+02   1.1032363e+02   1.0654680e+02   1.6621935e+02   1.6314146e+02   6.6822075e+01   9.1862328e+01   7.8640884e+01   7.5917381e+01   1.1732882e+02   7.9236931e+01   1.4340530e+02   1.7736180e+02   1.2969528e+02   1.2184535e+02   1.0201493e+02   2.2427557e+02   2.2756213e+02   1.7052402e+02   2.2873892e+02   2.1307280e+02   1.8449753e+02   1.5339102e+02   1.6928267e+02   2.0789125e+02   1.8658978e+02   1.7545290e+02   2.0763910e+02   1.9525685e+02   1.9808228e+02   9.3601341e+01   1.0384927e+02   8.4862488e+01   1.0963508e+02   1.6323045e+02   1.5669289e+02   1.1317344e+02   1.6345412e+02   1.4336292e+02   1.5163466e+02
   3.2673656e+01   8.3593941e+01   1.0847901e+02   7.1694534e+01   1.0855418e+02   3.2953014e+01   6.3344032e+01   9.9445297e+01   0.0000000e+00   7.9970711e+01   1.3183554e+02   1.0552478e+02   1.1302866e+02   1.3318120e+02   6.9742729e+01   9.8730263e+01   7.3493210e+01   8.8742973e+01   8.7908325e+01   1.1615009e+02   1.8005327e+02   9.7089142e+01   1.0961481e+02   8.5804520e+01   1.0328790e+02   8.5958328e+01   1.0016909e+02   1.0811896e+02   3.1827677e+01   6.7428741e+01   5.1186897e+01   2.6471594e+01   5.1437237e+01   8.2884155e+01   1.1339055e+02   7.9093460e+01   8.0705345e+01   9.0546883e+01   8.7934105e+01   6.3858223e+01   7.3249802e+01   1.9640572e+02   8.8897499e+01   2.2438870e+02   1.3923624e+02   2.4493048e+02   1.5767448e+02   1.5940633e+02   1.6358925e+02   1.4773788e+02   2.0328561e+02   1.7406618e+02   1.6379129e+02   2.2083574e+02   1.8723584e+02   1.3313698e+02   1.2180684e+02   1.1157263e+02   1.5905864e+02   2.2386629e+02   1.0328252e+02   1.4791818e+02   9.5328148e+01   1.6835544e+02   1.5556604e+02   1.7222748e+02   1.4168633e+02   1.4571307e+02   1.6292270e+02   1.3770367e+02   1.4396292e+02   1.5165834e+02   1.7991676e+02   1.7963844e+02   1.4159610e+02   1.3909718e+02   2.1089093e+02   1.3966728e+02   1.3132216e+02   1.3374023e+02   1.4230928e+02   1.9235123e+02   1.2752724e+02   1.4380449e+02   1.8185017e+02   1.9506500e+02   2.3142740e+02   1.8620953e+02   2.4077049e+02   1.9746199e+02
   4.5310143e+01   4.3464607e+01   1.0727895e+02   6.6191391e+01   1.0793810e+02   6.0957943e+01   7.1805954e+01   9.9700813e+01   7.9970711e+01   0.0000000e+00   1.2252999e+02   8.4900917e+01   1.0022402e+02   1.3147049e+02   8.5488152e+01   6.6978302e+01   4.0788193e+01   9.3704445e+01   1.0572791e+02   1.2478570e+02   1.4361617e+02   1.2901433e+02   1.1873551e+02   1.1263932e+02   1.2503313e+02   1.2671879e+02   1.2872055e+02   1.2816805e+02   6.6736053e+01   6.5994125e+01   9.3482262e+01   8.5887321e+01   1.0279803e+02   8.1772087e+01   3.1588972e+01   6.5604309e+01   7.8134567e+01   7.9289513e+01   8.3350365e+01   8.9562653e+01   1.1125327e+02   1.9687636e+02   1.2666264e+02   2.2865834e+02   1.4697652e+02   1.8804327e+02   1.1680064e+02   1.5819441e+02   1.1767702e+02   1.4765306e+02   1.3789990e+02   1.2737891e+02   1.6402922e+02   1.9689673e+02   1.5572298e+02   1.1987081e+02   1.2803693e+02   1.2513072e+02   1.4767854e+02   1.8620749e+02   8.8108803e+01   1.2415665e+02   1.2541966e+02   1.6684918e+02   1.6590657e+02   1.6586655e+02   1.7637386e+02   1.8769420e+02   1.8464339e+02   1.7051483e+02   1.7532173e+02   1.9112674e+02   2.0697003e+02   1.8457785e+02   1.8198396e+02   1.7643306e+02   2.0937039e+02   1.7446620e+02   1.5857103e+02   1.7048351e+02   1.1816264e+02   1.5484767e+02   1.3244571e+02   1.4684956e+02   2.2620828e+02   2.2282698e+02   2.7465686e+02   2.0478496e+02   2.9532455e+02   2.1060150e+02
   1.1312063e+02   6.5092903e+01   3.1025639e+01   6.3338291e+01   5.9767700e+01   9.1102577e+01   6.2743279e+01   3.4625099e+01   1.3183554e+02   1.2252999e+02   0.0000000e+00   5.2547966e+01   4.0630154e+01   1.3967004e+01   5.1512188e+01   4.4905464e+01   1.0792597e+02   1.4548782e+02   7.6732986e+01   8.9109352e+01   2.6550962e+01   1.4453345e+02   1.6304488e+02   1.1870744e+02   1.6093953e+02   1.2332966e+02   1.1537548e+02   8.3820000e+01   1.4149208e+02   1.5750735e+02   1.5550667e+02   1.4053175e+02   1.4343913e+02   1.5742244e+02   1.5359119e+02   4.2456177e+01   4.5340954e+01   4.2912689e+01   8.6947128e+01   9.7585686e+01   9.7455132e+01   4.0617908e+01   8.7874657e+01   7.8880791e+01   8.7209152e+01   1.2435191e+02   9.8094223e+01   6.0253834e+01   8.4249199e+01   8.7336296e+01   1.0544958e+02   8.1771698e+01   7.8542862e+01   1.4175500e+02   1.4437138e+02   3.6304832e+01   8.4696404e+01   5.5136757e+01   4.9470608e+01   9.0716316e+01   7.0250847e+01   1.2114902e+02   1.7000693e+02   1.1836364e+02   1.0855479e+02   6.4966225e+01   2.1036670e+02   2.2066792e+02   1.5444849e+02   2.0344577e+02   1.9614854e+02   1.7525357e+02   1.4064558e+02   1.4242265e+02   1.9417673e+02   1.6288460e+02   1.5360817e+02   1.7626727e+02   1.7534157e+02   1.9073308e+02   6.5658989e+01   7.9617470e+01   7.0078827e+01   1.0818552e+02   1.3579733e+02   1.3597751e+02   7.7535118e+01   1.4772488e+02   1.2134061e+02   1.2850555e+02
   9.3050613e+01   3.3590019e+01   4.4877621e+01   4.3525055e+01   4.4556030e+01   6.0291374e+01   4.6778721e+01   4.9598866e+01   1.0552478e+02   8.4900917e+01   5.2547966e+01   0.0000000e+00   2.8627024e+01   6.5437584e+01   7.1394981e+01   2.3685997e+01   7.5623817e+01   1.3932770e+02   1.2033456e+02   1.2763354e+02   9.0036682e+01   1.6433871e+02   1.4818814e+02   1.5800252e+02   1.6298058e+02   1.6928476e+02   1.7640195e+02   1.4204393e+02   1.1601842e+02   1.3391597e+02   1.3164644e+02   1.1982532e+02   1.3837959e+02   1.3551196e+02   1.2084929e+02   5.2983318e+01   6.9597794e+01   8.8868057e+01   1.0978123e+02   1.2369587e+02   1.2859460e+02   1.2827612e+02   1.3906372e+02   1.6815138e+02   1.3871040e+02   1.4348195e+02   9.5422363e+01   9.1616280e+01   9.5593178e+01   9.6601845e+01   1.0624834e+02   9.3448692e+01   1.0352048e+02   1.5900430e+02   1.2503545e+02   8.4903946e+01   7.9778496e+01   7.4439934e+01   9.1391983e+01   1.1959525e+02   6.1351238e+01   1.1922591e+02   1.6367696e+02   1.6066637e+02   1.5637115e+02   1.2951505e+02   2.1084547e+02   1.8324127e+02   1.9929181e+02   2.0950648e+02   2.1243018e+02   2.1621431e+02   1.8072971e+02   1.6351425e+02   1.7127719e+02   1.7763042e+02   1.6886263e+02   1.8540895e+02   1.7534067e+02   1.5734210e+02   9.1952538e+01   1.1775694e+02   1.2983583e+02   1.4081960e+02   1.7917970e+02   1.8262402e+02   1.7656258e+02   1.8661868e+02   2.6946796e+02   1.7846077e+02
   9.7695045e+01   5.7028435e+01   2.0682455e+01   5.4578407e+01   2.8805733e+01   7.4202087e+01   5.7883713e+01   3.5666416e+01   1.1302866e+02   1.0022402e+02   4.0630154e+01   2.8627024e+01   0.0000000e+00   3.4447342e+01   6.9423141e+01   3.1334257e+01   9.2010681e+01   1.5083949e+02   1.1798354e+02   1.2860977e+02   6.3730942e+01   1.8220096e+02   1.8639885e+02   1.6381458e+02   1.7981435e+02   1.7066814e+02   1.6275366e+02   1.3448543e+02   1.1969204e+02   1.4620454e+02   1.3950049e+02   1.2897383e+02   1.4595053e+02   1.4505363e+02   1.3889224e+02   5.4954475e+01   6.6632805e+01   8.3443642e+01   1.1212476e+02   1.1887665e+02   1.2340427e+02   6.9772194e+01   1.3542607e+02   9.2443314e+01   1.2443590e+02   1.4851219e+02   9.6825607e+01   8.2246552e+01   9.6174873e+01   9.2996063e+01   1.2097370e+02   1.0048385e+02   1.0113187e+02   1.6410939e+02   1.3436206e+02   7.0428101e+01   7.5044617e+01   6.5396912e+01   7.9491585e+01   1.1827061e+02   6.5944565e+01   1.2408525e+02   1.7257878e+02   1.5106973e+02   1.4635068e+02   1.1976662e+02   2.1132283e+02   1.9171167e+02   1.8775763e+02   2.1125523e+02   2.1439496e+02   2.2401945e+02   1.7780931e+02   1.6667076e+02   1.8131410e+02   1.8752849e+02   1.7882242e+02   1.9172269e+02   1.7998793e+02   1.7022209e+02   1.0349660e+02   1.1505237e+02   1.0953605e+02   1.2793781e+02   1.7657233e+02   1.7865968e+02   1.4531171e+02   1.8547014e+02   1.7048450e+02   1.7250290e+02
   1.1603148e+02   8.6778633e+01   1.8545019e+01   6.7959282e+01   5.7674099e+01   9.0907249e+01   6.8688560e+01   3.9478027e+01   1.3318120e+02   1.3147049e+02   1.3967004e+01   6.5437584e+01   3.4447342e+01   0.0000000e+00   5.9038231e+01   5.8775208e+01   1.2452107e+02   1.6021434e+02   8.7207565e+01   9.1145439e+01   3.0236017e+01   1.5152448e+02   1.7399197e+02   1.3459749e+02   1.7099712e+02   1.3056483e+02   1.2259921e+02   8.3673332e+01   1.5357288e+02   1.8204472e+02   1.6463675e+02   1.4196063e+02   1.5315678e+02   1.7697594e+02   1.6324762e+02   4.8929684e+01   4.6818142e+01   4.7540226e+01   1.0582509e+02   1.0810066e+02   1.0635292e+02   4.4711132e+01   9.4703796e+01   6.9454926e+01   8.0823608e+01   1.7688011e+02   1.3097067e+02   6.9762611e+01   1.2379644e+02   9.7793968e+01   1.4878355e+02   1.2982948e+02   8.6827049e+01   1.9246236e+02   1.7066150e+02   5.1070778e+01   9.5730507e+01   6.3356712e+01   5.9428143e+01   1.1408738e+02   8.9172615e+01   1.6406299e+02   1.8725020e+02   1.3628174e+02   1.2351680e+02   6.7993729e+01   2.3164560e+02   2.1290599e+02   2.0684796e+02   2.2922665e+02   2.4350516e+02   2.2305812e+02   1.5815808e+02   1.9418959e+02   2.1503693e+02   2.0965857e+02   2.0020830e+02   2.1865451e+02   2.1356477e+02   2.0129247e+02   1.1043778e+02   1.0762164e+02   8.9904762e+01   1.4231010e+02   1.6724730e+02   1.6290807e+02   1.1112840e+02   1.6605409e+02   1.6142824e+02   1.2378943e+02
   4.8931782e+01   5.4942902e+01   4.5901707e+01   4.0916439e+01   7.0240768e+01   5.1313835e+01   3.7209972e+01   3.9892113e+01   6.9742729e+01   8.5488152e+01   5.1512188e+01   7.1394981e+01   6.9423141e+01   5.9038231e+01   0.0000000e+00   6.8539406e+01   6.7554794e+01   1.2142562e+02   3.9886791e+01   6.4664322e+01   6.0225986e+01   1.1308423e+02   1.2700774e+02   8.4691040e+01   1.1818923e+02   9.4423119e+01   8.5763351e+01   5.6733498e+01   6.0685917e+01   1.1679112e+02   1.0722568e+02   7.9372269e+01   9.5055557e+01   1.0332839e+02   1.0605128e+02   3.9610039e+01   1.6682180e+01   5.2092762e+01   5.4752724e+01   4.8315647e+01   4.4835690e+01   7.6921448e+01   6.1246147e+01   1.1139281e+02   6.3190613e+01   1.9062306e+02   1.0965868e+02   1.2965289e+02   1.1357085e+02   1.3158772e+02   1.7250777e+02   1.5120183e+02   1.2989793e+02   2.0638448e+02   1.7119696e+02   8.9101486e+01   1.1102657e+02   9.8211807e+01   1.2744643e+02   1.6179712e+02   8.0359467e+01   1.3104369e+02   1.5778485e+02   1.1712523e+02   1.0958166e+02   1.0649566e+02   2.0588873e+02   2.2718687e+02   1.6750964e+02   2.0149854e+02   1.9475075e+02   2.1410265e+02   1.6772202e+02   1.7344975e+02   2.0796779e+02   1.9093738e+02   2.0301913e+02   1.9902141e+02   1.6986023e+02   2.0001164e+02   9.0452477e+01   1.1093701e+02   8.5322021e+01   9.9443611e+01   2.4796626e+02   1.8205452e+02   1.9624561e+02   1.8244785e+02   2.4172154e+02   1.5554022e+02
   8.4343674e+01   2.7867964e+01   6.0686340e+01   4.6096615e+01   7.4072388e+01   5.9947159e+01   5.4583382e+01   7.6826630e+01   9.8730263e+01   6.6978302e+01   4.4905464e+01   2.3685997e+01   3.1334257e+01   5.8775208e+01   6.8539406e+01   0.0000000e+00   4.4184242e+01   1.1311523e+02   1.1113535e+02   1.3824872e+02   1.1384241e+02   1.5731848e+02   1.3012224e+02   1.4222890e+02   1.5863565e+02   1.4484273e+02   1.5869016e+02   1.3771294e+02   9.9247437e+01   1.1512571e+02   1.2271790e+02   1.1141611e+02   1.2372980e+02   1.0768916e+02   1.0623428e+02   5.0573921e+01   7.2995903e+01   9.5905777e+01   1.0413010e+02   1.0459080e+02   1.2127227e+02   1.7858580e+02   1.2654861e+02   2.2762659e+02   1.4483360e+02   1.2239111e+02   5.6487793e+01   7.5542290e+01   6.2598511e+01   8.3254608e+01   8.2732132e+01   7.0086899e+01   8.8975792e+01   1.3628584e+02   8.9673515e+01   5.8070007e+01   5.8845478e+01   5.6702194e+01   6.9654869e+01   1.0165136e+02   2.8988457e+01   5.7462524e+01   1.3843529e+02   1.3354636e+02   1.4507660e+02   1.1286843e+02   1.8294438e+02   1.5761919e+02   1.6487068e+02   1.8475029e+02   1.6705855e+02   1.8694942e+02   1.6033467e+02   1.2993285e+02   1.3970541e+02   1.5534615e+02   1.5240201e+02   1.5407391e+02   1.2622742e+02   1.3375056e+02   6.2110199e+01   1.0264745e+02   1.1876587e+02   1.1164698e+02   1.4495940e+02   1.6328093e+02   1.9752942e+02   1.6653848e+02   2.7999463e+02   1.7330322e+02
   4.7866501e+01   3.3518036e+01   1.0792332e+02   4.7736015e+01   1.1059981e+02   5.6860622e+01   6.6393425e+01   9.8363495e+01   7.3493210e+01   4.0788193e+01   1.0792597e+02   7.5623817e+01   9.2010681e+01   1.2452107e+02   6.7554794e+01   4.4184242e+01   0.0000000e+00   4.5438671e+01   7.9142555e+01   1.0165756e+02   1.7256012e+02   1.0054120e+02   8.1331757e+01   1.0457970e+02   9.6100349e+01   8.6894829e+01   1.1408955e+02   1.0166660e+02   5.1909592e+01   6.0388809e+01   6.9075417e+01   6.3303688e+01   7.1763069e+01   4.5064198e+01   5.0674244e+01   4.8202442e+01   6.5851143e+01   7.7325630e+01   6.6301605e+01   8.6999619e+01   8.4765648e+01   1.9495708e+02   8.6811111e+01   2.2527206e+02   1.1568794e+02   2.0451614e+02   1.2000813e+02   2.0272552e+02   1.3404117e+02   2.0113753e+02   1.8986198e+02   1.7250761e+02   2.0333655e+02   1.8809326e+02   1.5668369e+02   1.4077020e+02   1.4939587e+02   1.3175854e+02   1.9669212e+02   1.7679347e+02   1.0517280e+02   8.2419937e+01   8.9513374e+01   1.3035126e+02   1.5640649e+02   1.8850774e+02   1.3930717e+02   1.6563316e+02   1.6048273e+02   1.3365927e+02   1.2500446e+02   1.6285266e+02   1.6756577e+02   1.4584215e+02   1.4302896e+02   1.3511940e+02   1.8700388e+02   1.3097333e+02   1.0084316e+02   1.3844954e+02   1.1205499e+02   1.6321457e+02   1.5190849e+02   1.2640949e+02   2.0542789e+02   1.8669330e+02   2.4943794e+02   1.4632098e+02   2.8063852e+02   1.7937126e+02
   8.5409668e+01   1.0323245e+02   1.4665424e+02   1.0957375e+02   1.6029495e+02   1.1911016e+02   1.2554751e+02   1.4233287e+02   8.8742973e+01   9.3704445e+01   1.4548782e+02   1.3932770e+02   1.5083949e+02   1.6021434e+02   1.2142562e+02   1.1311523e+02   4.5438671e+01   0.0000000e+00   8.6023682e+01   9.1780266e+01   1.4455843e+02   5.3375446e+01   6.2674107e+01   9.5345047e+01   5.0469894e+01   5.2937531e+01   7.7624832e+01   1.0328207e+02   6.2419220e+01   5.6529514e+01   6.3509262e+01   9.1339127e+01   5.3809814e+01   2.9198662e+01   5.5141190e+01   9.4810867e+01   1.1407816e+02   9.8816795e+01   6.2985256e+01   1.0399985e+02   1.0938194e+02   1.6319698e+02   9.8884033e+01   1.8257027e+02   1.2987787e+02   1.7510249e+02   1.3052873e+02   1.9620659e+02   1.6119862e+02   2.3442752e+02   1.7357419e+02   1.7328104e+02   2.0119463e+02   1.5720284e+02   1.2109116e+02   1.7351607e+02   1.5688805e+02   1.9358128e+02   1.8401823e+02   1.6824942e+02   1.2785463e+02   5.7969185e+01   2.0443995e+01   1.0944750e+02   1.1460344e+02   1.6886636e+02   7.0620567e+01   9.1136688e+01   1.0394572e+02   7.1122009e+01   7.2027618e+01   9.3224380e+01   1.1822121e+02   1.0955653e+02   8.0184151e+01   8.3109818e+01   1.4249182e+02   7.0296364e+01   5.3007744e+01   7.2703262e+01   1.2568265e+02   1.5563957e+02   1.4698604e+02   9.2833618e+01   1.3252795e+02   1.3126712e+02   1.8353746e+02   1.1616696e+02   2.0252232e+02   1.4281630e+02
   8.0458672e+01   1.0097194e+02   8.9052696e+01   9.9692513e+01   1.2664310e+02   8.9475586e+01   9.3273903e+01   9.6749786e+01   8.7908325e+01   1.0572791e+02   7.6732986e+01   1.2033456e+02   1.1798354e+02   8.7207565e+01   3.9886791e+01   1.1113535e+02   7.9142555e+01   8.6023682e+01   0.0000000e+00   2.1881533e+01   4.7535828e+01   7.6404274e+01   1.0131892e+02   5.1238377e+01   8.8225197e+01   7.2315331e+01   6.1816570e+01   3.3101585e+01   8.4383133e+01   1.1412782e+02   1.1456974e+02   1.0402769e+02   9.9626869e+01   8.5599472e+01   9.6831535e+01   6.3262939e+01   4.0889603e+01   4.0445084e+01   3.0157822e+01   3.9843716e+01   2.7645939e+01   7.3975861e+01   3.8234791e+01   9.8139320e+01   4.6757137e+01   1.8599979e+02   1.8238838e+02   1.5360657e+02   1.5333118e+02   1.5915680e+02   1.9492511e+02   1.7944913e+02   1.6506439e+02   1.8281439e+02   1.8853351e+02   1.1392628e+02   1.6198177e+02   1.6369511e+02   1.8864555e+02   1.5771315e+02   1.6382668e+02   1.6067772e+02   1.0412583e+02   8.8325768e+01   8.5318794e+01   1.0610101e+02   1.5783685e+02   2.0007932e+02   1.0836018e+02   1.7944421e+02   1.3886937e+02   1.6596887e+02   1.3969539e+02   1.4595241e+02   1.8149126e+02   1.7323523e+02   1.6903259e+02   1.6065279e+02   1.3770377e+02   1.7473236e+02   1.1283847e+02   1.2377554e+02   8.3408432e+01   8.4727638e+01   1.7625662e+02   1.4084773e+02   1.7324782e+02   1.3414389e+02   2.0224443e+02   1.3909383e+02
   1.0181293e+02   1.2424626e+02   9.0643555e+01   1.1975640e+02   1.3196786e+02   1.0810051e+02   1.0601177e+02   1.1170947e+02   1.1615009e+02   1.2478570e+02   8.9109352e+01   1.2763354e+02   1.2860977e+02   9.1145439e+01   6.4664322e+01   1.3824872e+02   1.0165756e+02   9.1780266e+01   2.1881533e+01   0.0000000e+00   5.7163914e+01   1.0302698e+02   1.2235653e+02   4.0381325e+01   1.1581354e+02   9.4947868e+01   8.9504051e+01   2.5830984e+01   1.0371895e+02   1.3784337e+02   1.3962758e+02   1.3110220e+02   1.2585433e+02   1.0701798e+02   1.2490696e+02   8.3534294e+01   6.3868172e+01   5.8285629e+01   5.0646091e+01   6.6040230e+01   6.1026947e+01   7.3936096e+01   5.6297138e+01   9.8322388e+01   5.5732872e+01   1.5256105e+02   1.7260785e+02   1.2860104e+02   1.5397926e+02   1.5255032e+02   1.7106065e+02   1.6156239e+02   1.3948219e+02   1.7921407e+02   1.7346870e+02   1.0404646e+02   1.6048553e+02   1.8774364e+02   1.5757957e+02   1.2078791e+02   1.8042110e+02   1.5044469e+02   1.1174840e+02   8.7494354e+01   8.5996971e+01   9.7611610e+01   1.6089638e+02   1.6615846e+02   1.0680781e+02   1.9891675e+02   1.5545930e+02   1.6777625e+02   1.2991005e+02   1.4764740e+02   1.6410582e+02   1.8311600e+02   1.9138448e+02   1.8427039e+02   1.4581877e+02   1.6810492e+02   1.1193184e+02   1.0907770e+02   8.5559532e+01   9.1495522e+01   1.3448479e+02   1.3357953e+02   1.3658565e+02   1.3679640e+02   1.6641168e+02   1.3582150e+02
   1.5158159e+02   1.5866927e+02   3.9515656e+01   1.0085485e+02   7.0394257e+01   1.3686646e+02   8.9506332e+01   4.0490795e+01   1.8005327e+02   1.4361617e+02   2.6550962e+01   9.0036682e+01   6.3730942e+01   3.0236017e+01   6.0225986e+01   1.1384241e+02   1.7256012e+02   1.4455843e+02   4.7535828e+01   5.7163914e+01   0.0000000e+00   1.2314655e+02   1.2807834e+02   9.5178085e+01   1.3915749e+02   1.0616458e+02   8.1990349e+01   5.1960735e+01   1.7504832e+02   1.7039357e+02   1.6614412e+02   1.9148001e+02   1.3913272e+02   1.6346758e+02   1.4221207e+02   6.0364429e+01   5.0758617e+01   3.0952187e+01   6.7728775e+01   7.0692795e+01   7.5958633e+01   1.4842722e+01   6.4288689e+01   3.3706146e+01   5.5256840e+01   1.4175652e+02   1.4534355e+02   1.0410397e+02   1.3542258e+02   1.1884407e+02   1.5833794e+02   1.4557993e+02   1.0766898e+02   1.6597935e+02   1.6235768e+02   7.4383911e+01   1.2277970e+02   1.0615947e+02   1.0363545e+02   1.0703994e+02   1.1669572e+02   1.5401668e+02   1.5372340e+02   9.6973267e+01   8.8318344e+01   8.5181236e+01   2.1595128e+02   2.4443767e+02   1.4120937e+02   2.1783582e+02   2.0176210e+02   1.7113042e+02   1.2072196e+02   1.5579433e+02   2.0845137e+02   2.0005759e+02   1.8029753e+02   2.1055952e+02   1.6996136e+02   1.9624496e+02   9.1455750e+01   8.9334946e+01   7.1138336e+01   8.6152420e+01   2.0925938e+02   1.4181441e+02   1.0345835e+02   1.4328661e+02   1.2767850e+02   1.2089078e+02
   1.2449683e+02   1.5574518e+02   1.5926103e+02   1.5350294e+02   1.8831459e+02   1.2499832e+02   1.4439507e+02   1.5992189e+02   9.7089142e+01   1.2901433e+02   1.4453345e+02   1.6433871e+02   1.8220096e+02   1.5152448e+02   1.1308423e+02   1.5731848e+02   1.0054120e+02   5.3375446e+01   7.6404274e+01   1.0302698e+02   1.2314655e+02   0.0000000e+00   2.0896688e+01   3.2868179e+01   2.0652109e+01   2.1326628e+01   4.3410809e+01   7.1445503e+01   9.3592209e+01   6.2706791e+01   6.1718315e+01   8.3948753e+01   4.7176998e+01   4.5725899e+01   9.0371872e+01   1.3321024e+02   1.1437643e+02   1.1610888e+02   9.7304810e+01   7.1718033e+01   7.2932312e+01   1.3437012e+02   6.0497746e+01   1.5632359e+02   1.1531109e+02   2.5095384e+02   2.0095070e+02   2.5840057e+02   2.4131613e+02   3.0484705e+02   2.4074545e+02   2.4917661e+02   2.6522733e+02   2.1815536e+02   1.9830624e+02   2.2151482e+02   2.0793785e+02   2.2429037e+02   2.5399168e+02   2.3269510e+02   1.9022490e+02   1.3361124e+02   7.5073425e+01   1.7241234e+02   1.8031686e+02   2.3040787e+02   1.3389825e+02   1.4835927e+02   1.6469110e+02   1.2897572e+02   1.3181824e+02   1.5100145e+02   1.8092010e+02   1.6723026e+02   1.3680370e+02   1.3488252e+02   2.0537930e+02   1.2974608e+02   1.1475620e+02   1.3051108e+02   2.0548363e+02   2.2575793e+02   2.1098993e+02   1.7097206e+02   1.9271127e+02   1.9355931e+02   2.4707542e+02   1.7814494e+02   2.6775320e+02   2.0200504e+02
   1.2189719e+02   1.2972665e+02   1.8286082e+02   1.4525401e+02   1.8866862e+02   1.3693657e+02   1.4671548e+02   1.7208220e+02   1.0961481e+02   1.1873551e+02   1.6304488e+02   1.4818814e+02   1.8639885e+02   1.7399197e+02   1.2700774e+02   1.3012224e+02   8.1331757e+01   6.2674107e+01   1.0131892e+02   1.2235653e+02   1.2807834e+02   2.0896688e+01   0.0000000e+00   5.1841026e+01   9.7317228e+00   2.0518345e+01   4.5869411e+01   1.0290536e+02   7.8016960e+01   2.7585642e+01   3.7056103e+01   8.2049721e+01   4.0363075e+01   3.2050110e+01   5.9163776e+01   1.3582709e+02   1.2503948e+02   1.2541409e+02   1.1450398e+02   8.3780205e+01   8.4473816e+01   1.4569498e+02   7.6241684e+01   1.6608525e+02   1.3724977e+02   2.5006401e+02   2.0463255e+02   2.6370694e+02   2.3818471e+02   2.9507959e+02   2.3784669e+02   2.4976556e+02   2.7213461e+02   2.3856770e+02   2.0736142e+02   2.1883800e+02   2.0119637e+02   2.3061943e+02   2.5904996e+02   2.3607988e+02   1.7661681e+02   1.4033727e+02   7.7957611e+01   1.8665361e+02   1.8829672e+02   2.3847697e+02   1.3439172e+02   1.4475645e+02   1.6842810e+02   1.3305959e+02   1.3501631e+02   1.5222473e+02   1.8833640e+02   1.7587857e+02   1.3748799e+02   1.4192197e+02   2.1616899e+02   1.3082680e+02   1.2167052e+02   1.3691548e+02   2.0756311e+02   2.2943681e+02   2.1206664e+02   1.7404781e+02   1.9284425e+02   1.9507730e+02   2.5262419e+02   1.8705305e+02   2.6875580e+02   2.1662596e+02
   1.0480401e+02   1.3522585e+02   1.4199536e+02   1.3097510e+02   1.5973940e+02   1.0119001e+02   1.0959434e+02   1.4166187e+02   8.5804520e+01   1.1263932e+02   1.1870744e+02   1.5800252e+02   1.6381458e+02   1.3459749e+02   8.4691040e+01   1.4222890e+02   1.0457970e+02   9.5345047e+01   5.1238377e+01   4.0381325e+01   9.5178085e+01   3.2868179e+01   5.1841026e+01   0.0000000e+00   6.4789452e+01   3.8339951e+01   3.4575844e+01   4.4486336e+01   1.0421424e+02   1.0450396e+02   7.8974617e+01   9.8318825e+01   6.0712811e+01   7.8610992e+01   1.0310710e+02   1.0290997e+02   8.5215645e+01   8.1816864e+01   6.1737957e+01   4.6851574e+01   4.9599831e+01   1.1429867e+02   5.4240726e+01   1.3692671e+02   8.8376328e+01   2.7523102e+02   2.2653767e+02   2.5393419e+02   2.4009045e+02   2.5924924e+02   2.6693384e+02   2.7310986e+02   2.8139789e+02   2.3885085e+02   2.2325288e+02   2.0055353e+02   2.1181735e+02   1.9330692e+02   2.6607803e+02   2.5224014e+02   2.0161703e+02   1.6797687e+02   1.0257127e+02   1.5084758e+02   1.3553520e+02   1.9002330e+02   1.5877130e+02   1.7899823e+02   1.7079604e+02   1.5613525e+02   1.5612784e+02   1.7950301e+02   1.7768484e+02   1.8813142e+02   1.6478529e+02   1.5772777e+02   2.2787186e+02   1.5617105e+02   1.3731149e+02   1.5885191e+02   1.7510918e+02   2.1437515e+02   1.3859085e+02   1.3588986e+02   2.2203940e+02   2.1404587e+02   2.7451416e+02   1.8564859e+02   2.9744495e+02   1.8044202e+02
   1.1801715e+02   1.5500621e+02   1.7497784e+02   1.5692949e+02   1.8820340e+02   1.2832645e+02   1.5376280e+02   1.6621198e+02   1.0328790e+02   1.2503313e+02   1.6093953e+02   1.6298058e+02   1.7981435e+02   1.7099712e+02   1.1818923e+02   1.5863565e+02   9.6100349e+01   5.0469894e+01   8.8225197e+01   1.1581354e+02   1.3915749e+02   2.0652109e+01   9.7317228e+00   6.4789452e+01   0.0000000e+00   1.5385194e+01   5.7167809e+01   8.7109985e+01   7.6365921e+01   2.6719357e+01   4.4753376e+01   8.6951797e+01   3.7573917e+01   2.9236546e+01   6.4625763e+01   1.3491969e+02   1.1977771e+02   1.2150447e+02   1.0774518e+02   9.7249825e+01   8.6064560e+01   1.5373338e+02   6.5933342e+01   1.8007396e+02   1.2734743e+02   2.5286458e+02   2.0259103e+02   2.6474997e+02   2.4321407e+02   3.0780222e+02   2.4497261e+02   2.5360509e+02   2.7242459e+02   2.2712381e+02   2.0521506e+02   2.2502937e+02   2.1149539e+02   2.2676427e+02   2.6116376e+02   2.3480675e+02   1.8893866e+02   1.3455263e+02   8.2462372e+01   1.7289336e+02   1.8499977e+02   2.4243184e+02   1.3660480e+02   1.5569344e+02   1.7149854e+02   1.3441962e+02   1.3429190e+02   1.5787973e+02   1.8438803e+02   1.7157381e+02   1.4256158e+02   1.4330566e+02   2.1049326e+02   1.3340392e+02   1.1847922e+02   1.3926070e+02   2.0673033e+02   2.2771506e+02   2.1134074e+02   1.6333362e+02   2.0112160e+02   1.9711955e+02   2.5557477e+02   1.8163640e+02   2.7737878e+02   2.0739185e+02
   1.1912779e+02   1.3613217e+02   1.3177983e+02   1.3141893e+02   1.7583472e+02   1.1703701e+02   1.2965331e+02   1.3877161e+02   8.5958328e+01   1.2671879e+02   1.2332966e+02   1.6928476e+02   1.7066814e+02   1.3056483e+02   9.4423119e+01   1.4484273e+02   8.6894829e+01   5.2937531e+01   7.2315331e+01   9.4947868e+01   1.0616458e+02   2.1326628e+01   2.0518345e+01   3.8339951e+01   1.5385194e+01   0.0000000e+00   2.5836176e+01   6.1303772e+01   9.0179756e+01   4.6476929e+01   5.4655785e+01   9.0041794e+01   3.2353371e+01   4.0926189e+01   8.9548691e+01   1.1264912e+02   9.6310555e+01   1.0197991e+02   8.7821136e+01   7.1326973e+01   6.3180336e+01   1.2055679e+02   4.7910904e+01   1.4449666e+02   9.8560028e+01   2.4890276e+02   1.8926819e+02   2.5500710e+02   2.4547461e+02   3.0598386e+02   2.4579405e+02   2.4962938e+02   2.6060999e+02   1.9659476e+02   1.9153133e+02   2.1221732e+02   2.0918649e+02   2.0474086e+02   2.5238783e+02   2.2211002e+02   1.9130963e+02   1.1046218e+02   7.9018112e+01   1.3367851e+02   1.8266881e+02   2.3045541e+02   1.3326244e+02   1.5571701e+02   1.6546910e+02   1.2748977e+02   1.2640015e+02   1.5436859e+02   1.7370836e+02   1.5167955e+02   1.3969899e+02   1.3381157e+02   1.8992020e+02   1.2952438e+02   1.0248542e+02   1.3180992e+02   1.8900443e+02   2.1473589e+02   1.9408546e+02   1.3011115e+02   1.9776082e+02   1.9165028e+02   2.4694539e+02   1.5756700e+02   2.7237042e+02   1.8495331e+02
   1.1345728e+02   1.5160190e+02   1.1732324e+02   1.4892572e+02   1.7417772e+02   1.0817824e+02   1.2715381e+02   1.2811928e+02   1.0016909e+02   1.2872055e+02   1.1537548e+02   1.7640195e+02   1.6275366e+02   1.2259921e+02   8.5763351e+01   1.5869016e+02   1.1408955e+02   7.7624832e+01   6.1816570e+01   8.9504051e+01   8.1990349e+01   4.3410809e+01   4.5869411e+01   3.4575844e+01   5.7167809e+01   2.5836176e+01   0.0000000e+00   5.7502502e+01   1.1174599e+02   8.9350540e+01   8.1297157e+01   1.1259609e+02   5.8750214e+01   8.7396385e+01   1.1492609e+02   1.2279167e+02   8.7290428e+01   8.3518433e+01   8.5065422e+01   5.7496490e+01   5.2260113e+01   9.8846077e+01   4.6335281e+01   1.1665767e+02   9.1942734e+01   2.6315833e+02   2.1856548e+02   2.5863367e+02   2.4376907e+02   2.8551791e+02   2.5337541e+02   2.6386240e+02   2.7337341e+02   2.4518137e+02   2.2140543e+02   2.1247964e+02   2.1822046e+02   2.0387148e+02   2.5188963e+02   2.4862245e+02   1.9711459e+02   1.5680714e+02   9.2407188e+01   1.8351007e+02   1.7456909e+02   2.1576344e+02   1.4796614e+02   1.6473721e+02   1.7867111e+02   1.4786652e+02   1.4875269e+02   1.6894214e+02   1.9283260e+02   1.8712358e+02   1.5422322e+02   1.5458047e+02   2.2499976e+02   1.4623030e+02   1.3253833e+02   1.5224142e+02   1.9769000e+02   2.3181502e+02   1.6600186e+02   1.5905205e+02   2.0979883e+02   2.0924660e+02   2.6536938e+02   1.9820642e+02   2.8353622e+02   2.1763063e+02
